key   prices   shares   usage   condition   rarity   statTrak   z1   z2   z3   z4   z5   z6   z7   z8   z9   z10
1   22.809969697   3.340677424592812e-5   5.13   2   4   0   0.0   0.6564489325366429   0.8086981085681142   1.4771393494959   18.737585737291   1.203307631673143   3.0461253835189033   0.23301479928154445   52.14757917054294   1.1759096751892222
2   51.380974026   7.794913990716561e-5   5.13   5   4   0   0.0   0.6564489325366429   0.8086981085681142   1.4771393494959   18.737585737291   1.203307631673143   3.0461253835189033   0.23301479928154445   52.14757917054294   1.1759096751892222
3   21.5584401935   0.0004604060886984275   5.13   3   4   0   0.0   0.6564489325366429   0.8086981085681142   1.4771393494959   18.737585737291   1.203307631673143   3.0461253835189033   0.23301479928154445   52.14757917054294   1.1759096751892222
4   13.4051761252   0.00010345976751314709   5.13   1   4   0   0.0   0.6564489325366429   0.8086981085681142   1.4771393494959   18.737585737291   1.203307631673143   3.0461253835189033   0.23301479928154445   52.14757917054294   1.1759096751892222
5   32.4396305668   0.00020003571487864838   5.13   4   4   0   0.0   0.6564489325366429   0.8086981085681142   1.4771393494959   18.737585737291   1.203307631673143   3.0461253835189033   0.23301479928154445   52.14757917054294   1.1759096751892222
6   6.6167962963   5.466563058424601e-5   5.13   3   2   0   0.0   0.0   1.6925410211250003   0.0   146.111528023625   0.0   0.0   7.300950822538001   66.1855751085043   38.31396290875
7   6.88432451499   0.00011479782422691662   5.13   4   2   0   0.0   0.0   1.6925410211250003   0.0   146.111528023625   0.0   0.0   7.300950822538001   66.1855751085043   38.31396290875
8   8.40542417062   8.544035595019191e-5   5.13   5   3   0   0.0   2.72728525641   7.94834602862   7.575539984230583   0.0   0.0   4.150851575878501   28.503292678853935   4.214959138328   0.0
9   7.34603174603   1.2755313802990736e-5   5.13   3   3   0   0.0   2.72728525641   7.94834602862   7.575539984230583   0.0   0.0   4.150851575878501   28.503292678853935   4.214959138328   0.0
10   7.97664444444   6.377656901495368e-5   5.13   4   3   0   0.0   2.72728525641   7.94834602862   7.575539984230583   0.0   0.0   4.150851575878501   28.503292678853935   4.214959138328   0.0
11   2.55754043127   0.0003004585029148929   5.13   2   2   0   0.0   2.4935190935987857   0.5680130602919167   3.748936545974367   0.0   0.0   0.8601462889672501   17.867634705460684   17.591298068874053   0.0
12   4.28766784502   0.0014318345907103252   5.13   5   2   0   0.0   2.4935190935987857   0.5680130602919167   3.748936545974367   0.0   0.0   0.8601462889672501   17.867634705460684   17.591298068874053   0.0
13   1.79174558464   0.004470838720597483   5.13   3   2   0   0.0   2.4935190935987857   0.5680130602919167   3.748936545974367   0.0   0.0   0.8601462889672501   17.867634705460684   17.591298068874053   0.0
14   1.64660840708   0.0002745429447119911   5.13   1   2   0   0.0   2.4935190935987857   0.5680130602919167   3.748936545974367   0.0   0.0   0.8601462889672501   17.867634705460684   17.591298068874053   0.0
15   2.75124690071   0.003494955982019462   5.13   4   2   0   0.0   2.4935190935987857   0.5680130602919167   3.748936545974367   0.0   0.0   0.8601462889672501   17.867634705460684   17.591298068874053   0.0
16   0.912277035237   0.0004998868218981608   5.13   2   1   0   0.0   0.36308805377753334   1.9445402864345094   1.0884308319143106   65.52641295667001   1.92547666399   9.784136079735   8.968934597966001   18.5581241414   0.0
17   1.18266484208   0.0036988385375688534   5.13   5   1   0   0.0   0.36308805377753334   1.9445402864345094   1.0884308319143106   65.52641295667001   1.92547666399   9.784136079735   8.968934597966001   18.5581241414   0.0
18   0.693937963217   0.005163067576032806   5.13   3   1   0   0.0   0.36308805377753334   1.9445402864345094   1.0884308319143106   65.52641295667001   1.92547666399   9.784136079735   8.968934597966001   18.5581241414   0.0
19   1.29605909091   4.454236566123749e-5   5.13   1   1   0   0.0   0.36308805377753334   1.9445402864345094   1.0884308319143106   65.52641295667001   1.92547666399   9.784136079735   8.968934597966001   18.5581241414   0.0
20   0.930051247572   0.004065300727781762   5.13   4   1   0   0.0   0.36308805377753334   1.9445402864345094   1.0884308319143106   65.52641295667001   1.92547666399   9.784136079735   8.968934597966001   18.5581241414   0.0
21   27.6561726027   0.0001477996678759244   5.13   2   4   0   0.0   0.2927455865407923   0.7253431380093858   1.0069628803438235   0.0   2.1533661424342   1.4333105818834704   5.583744477122104   37.225272740442506   0.0
22   82.8579370079   2.5713092904441643e-5   5.13   5   4   0   0.0   0.2927455865407923   0.7253431380093858   1.0069628803438235   0.0   2.1533661424342   1.4333105818834704   5.583744477122104   37.225272740442506   0.0
23   30.5116533943   0.0003101768372409811   5.13   3   4   0   0.0   0.2927455865407923   0.7253431380093858   1.0069628803438235   0.0   2.1533661424342   1.4333105818834704   5.583744477122104   37.225272740442506   0.0
24   25.4780901639   0.00012350383206070396   5.13   1   4   0   0.0   0.2927455865407923   0.7253431380093858   1.0069628803438235   0.0   2.1533661424342   1.4333105818834704   5.583744477122104   37.225272740442506   0.0
25   44.2062567164   0.00013565174996831418   5.13   4   4   0   0.0   0.2927455865407923   0.7253431380093858   1.0069628803438235   0.0   2.1533661424342   1.4333105818834704   5.583744477122104   37.225272740442506   0.0
26   9.87984210526   3.846840670743238e-6   5.13   2   3   0   0.0   2.1831628741818996   1.985133086036889   0.5675931445371428   0.0   0.0   1.09089444642425   4.2262356495577995   26.442295358919544   0.0
27   6.36287399629   0.00032779131820701593   5.13   5   3   0   0.0   2.1831628741818996   1.985133086036889   0.5675931445371428   0.0   0.0   1.09089444642425   4.2262356495577995   26.442295358919544   0.0
28   4.0301937751   0.00020165543726632975   5.13   3   3   0   0.0   2.1831628741818996   1.985133086036889   0.5675931445371428   0.0   0.0   1.09089444642425   4.2262356495577995   26.442295358919544   0.0
29   4.54332856699   0.0006513308651463683   5.13   4   3   0   0.0   2.1831628741818996   1.985133086036889   0.5675931445371428   0.0   0.0   1.09089444642425   4.2262356495577995   26.442295358919544   0.0
30   1.31429402262   0.000501304078987382   5.13   5   1   0   0.0   7.028420408942333   3.948809345782955   3.7984104324335006   21.684183288895003   1.6389870310458998   1.0969777820708333   11.28995650541793   47.54946414341938   63.36489594951555
31   0.865911581569   0.00016257963466351685   5.13   3   1   0   0.0   7.028420408942333   3.948809345782955   3.7984104324335006   21.684183288895003   1.6389870310458998   1.0969777820708333   11.28995650541793   47.54946414341938   63.36489594951555
32   0.865586793737   0.000892264570313971   5.13   4   1   0   0.0   7.028420408942333   3.948809345782955   3.7984104324335006   21.684183288895003   1.6389870310458998   1.0969777820708333   11.28995650541793   47.54946414341938   63.36489594951555
33   5.6344   2.6320488799822153e-5   5.13   2   2   0   0.0   5.017751533807   19.1690923549125   29.273757079621646   103.53168987555   0.0   5.714848337557   4.44715273454955   241.42071859697873   65.3875111007
34   28.5396470588   6.883820147645794e-6   5.13   5   2   0   0.0   5.017751533807   19.1690923549125   29.273757079621646   103.53168987555   0.0   5.714848337557   4.44715273454955   241.42071859697873   65.3875111007
35   4.37422280244   0.00023263262793073581   5.13   3   2   0   0.0   5.017751533807   19.1690923549125   29.273757079621646   103.53168987555   0.0   5.714848337557   4.44715273454955   241.42071859697873   65.3875111007
36   4.24546376812   1.3970105593751758e-5   5.13   1   2   0   0.0   5.017751533807   19.1690923549125   29.273757079621646   103.53168987555   0.0   5.714848337557   4.44715273454955   241.42071859697873   65.3875111007
37   8.48348103187   0.0001334246316852523   5.13   4   2   0   0.0   5.017751533807   19.1690923549125   29.273757079621646   103.53168987555   0.0   5.714848337557   4.44715273454955   241.42071859697873   65.3875111007
38   0.368359882269   0.0022700409263354307   5.13   2   1   0   0.0   7.182455786841429   1.063965298998404   3.448211328412556   11.85631698727375   0.0   0.7444022876269952   1.2334097549787002   65.48950163230563   23.290944655831108
39   1.7638574359   0.00019740366599866615   5.13   5   1   0   0.0   7.182455786841429   1.063965298998404   3.448211328412556   11.85631698727375   0.0   0.7444022876269952   1.2334097549787002   65.48950163230563   23.290944655831108
40   0.383002368332   0.0035905196028926624   5.13   3   1   0   0.0   7.182455786841429   1.063965298998404   3.448211328412556   11.85631698727375   0.0   0.7444022876269952   1.2334097549787002   65.48950163230563   23.290944655831108
41   0.362253463733   0.0012421246060531454   5.13   1   1   0   0.0   7.182455786841429   1.063965298998404   3.448211328412556   11.85631698727375   0.0   0.7444022876269952   1.2334097549787002   65.48950163230563   23.290944655831108
42   0.584538737501   0.0026524978751266927   5.13   4   1   0   0.0   7.182455786841429   1.063965298998404   3.448211328412556   11.85631698727375   0.0   0.7444022876269952   1.2334097549787002   65.48950163230563   23.290944655831108
43   1.82275428922   0.0003304233670869981   5.13   2   1   0   0.0   0.82760876396925   0.5336232383752727   5.664943757558739   99.26672099218572   0.0   24.825431642070434   3.60037153423875   19.771832397154732   0.0
44   1.1672839436   0.003560959669317477   5.13   3   1   0   0.0   0.82760876396925   0.5336232383752727   5.664943757558739   99.26672099218572   0.0   24.825431642070434   3.60037153423875   19.771832397154732   0.0
45   1.07243585481   0.0007306972621427551   5.13   1   1   0   0.0   0.82760876396925   0.5336232383752727   5.664943757558739   99.26672099218572   0.0   24.825431642070434   3.60037153423875   19.771832397154732   0.0
46   2.00434953783   0.0017742034104064734   5.13   4   1   0   0.0   0.82760876396925   0.5336232383752727   5.664943757558739   99.26672099218572   0.0   24.825431642070434   3.60037153423875   19.771832397154732   0.0
47   3.17250753769   4.0290594393573914e-5   5.13   2   1   0   0.0   0.0   0.0   0.0   0.0   0.0   14.001250156035763   0.0   0.0   10.773856857086251
48   7.40624657534   8.867980072555464e-5   5.13   5   1   0   0.0   0.0   0.0   0.0   0.0   0.0   14.001250156035763   0.0   0.0   10.773856857086251
49   1.79318665851   0.0009924848930517555   5.13   3   1   0   0.0   0.0   0.0   0.0   0.0   0.0   14.001250156035763   0.0   0.0   10.773856857086251
50   1.96613631157   0.0001767522055557288   5.13   1   1   0   0.0   0.0   0.0   0.0   0.0   0.0   14.001250156035763   0.0   0.0   10.773856857086251
51   2.91615081206   0.00043631271818166725   5.13   4   1   0   0.0   0.0   0.0   0.0   0.0   0.0   14.001250156035763   0.0   0.0   10.773856857086251
52   1.49488185373   0.0024334304221927884   5.13   5   2   0   0.0   1.9863950368781664   1.618868559239553   3.8054077289217005   65.67635042629999   0.2533995496942   0.29157731208851667   3.5457182702881536   31.67557119059625   0.0
53   0.964974907063   0.0019606739502882903   5.13   3   2   0   0.0   1.9863950368781664   1.618868559239553   3.8054077289217005   65.67635042629999   0.2533995496942   0.29157731208851667   3.5457182702881536   31.67557119059625   0.0
54   1.14650841618   0.003584445643938857   5.13   4   2   0   0.0   1.9863950368781664   1.618868559239553   3.8054077289217005   65.67635042629999   0.2533995496942   0.29157731208851667   3.5457182702881536   31.67557119059625   0.0
55   1.3467027027   1.4982432086052611e-5   0.0   2   1   0   0.0   0.0   0.0   0.0   0.0   0.0   14.001250156035763   0.0   0.0   10.773856857086251
56   0.514125827815   9.17167802024572e-5   0.0   5   1   0   0.0   0.0   0.0   0.0   0.0   0.0   14.001250156035763   0.0   0.0   10.773856857086251
57   0.166446258503   0.00014881199436822526   0.0   3   1   0   0.0   0.0   0.0   0.0   0.0   0.0   14.001250156035763   0.0   0.0   10.773856857086251
58   0.197820143885   2.8142676485963688e-5   0.0   1   1   0   0.0   0.0   0.0   0.0   0.0   0.0   14.001250156035763   0.0   0.0   10.773856857086251
59   0.25590296496   0.00015022925145744646   0.0   4   1   0   0.0   0.0   0.0   0.0   0.0   0.0   14.001250156035763   0.0   0.0   10.773856857086251
60   4.80357446809   1.9031738055256018e-5   0.0   5   3   0   0.0   7.028420408942333   3.948809345782955   3.7984104324335006   21.684183288895003   1.6389870310458998   1.0969777820708333   11.28995650541793   47.54946414341938   63.36489594951555
61   1.98938709677   4.393496976585698e-5   0.0   3   3   0   0.0   7.028420408942333   3.948809345782955   3.7984104324335006   21.684183288895003   1.6389870310458998   1.0969777820708333   11.28995650541793   47.54946414341938   63.36489594951555
62   2.16094699647   0.00017189303839268468   0.0   4   3   0   0.0   7.028420408942333   3.948809345782955   3.7984104324335006   21.684183288895003   1.6389870310458998   1.0969777820708333   11.28995650541793   47.54946414341938   63.36489594951555
63   37.6214177215   3.1989517156706925e-5   0.0   5   3   0   0.0   5.017751533807   19.1690923549125   29.273757079621646   103.53168987555   0.0   5.714848337557   4.44715273454955   241.42071859697873   65.3875111007
64   37.4797333333   6.073958953805113e-6   0.0   4   3   0   0.0   5.017751533807   19.1690923549125   29.273757079621646   103.53168987555   0.0   5.714848337557   4.44715273454955   241.42071859697873   65.3875111007
65   0.972873786408   2.0853925741397553e-5   0.0   2   2   0   0.0   0.82760876396925   0.5336232383752727   5.664943757558739   99.26672099218572   0.0   24.825431642070434   3.60037153423875   19.771832397154732   0.0
66   0.947635893011   0.00023465728091533753   0.0   3   2   0   0.0   0.82760876396925   0.5336232383752727   5.664943757558739   99.26672099218572   0.0   24.825431642070434   3.60037153423875   19.771832397154732   0.0
67   1.27223608018   9.090691900861652e-5   0.0   4   2   0   0.0   0.82760876396925   0.5336232383752727   5.664943757558739   99.26672099218572   0.0   24.825431642070434   3.60037153423875   19.771832397154732   0.0
68   0.091680966325   0.001382837988482964   0.0   2   1   0   0.0   2.4935190935987857   0.5680130602919167   3.748936545974367   0.0   0.0   0.8601462889672501   17.867634705460684   17.591298068874053   0.0
69   0.348727927928   0.00033710472193618376   0.0   5   1   0   0.0   2.4935190935987857   0.5680130602919167   3.748936545974367   0.0   0.0   0.8601462889672501   17.867634705460684   17.591298068874053   0.0
70   0.0926223637503   0.0019392126286515122   0.0   3   1   0   0.0   2.4935190935987857   0.5680130602919167   3.748936545974367   0.0   0.0   0.8601462889672501   17.867634705460684   17.591298068874053   0.0
71   0.0896841975309   0.0008199844587636902   0.0   1   1   0   0.0   2.4935190935987857   0.5680130602919167   3.748936545974367   0.0   0.0   0.8601462889672501   17.867634705460684   17.591298068874053   0.0
72   0.12610806503   0.001905400923808664   0.0   4   1   0   0.0   2.4935190935987857   0.5680130602919167   3.748936545974367   0.0   0.0   0.8601462889672501   17.867634705460684   17.591298068874053   0.0
73   0.0873928987194   0.0003478353827545728   0.0   2   1   0   0.0   0.8720846149608   0.5546295116328653   24.214373592702   0.0   0.2128982353362   2.4756050778918803   1.4388318054968998   19.889744068634442   9.686351226301666
74   0.276798429319   0.0001546834880235702   0.0   5   1   0   0.0   0.8720846149608   0.5546295116328653   24.214373592702   0.0   0.2128982353362   2.4756050778918803   1.4388318054968998   19.889744068634442   9.686351226301666
75   0.0885700068634   0.0005899838797129366   0.0   3   1   0   0.0   0.8720846149608   0.5546295116328653   24.214373592702   0.0   0.2128982353362   2.4756050778918803   1.4388318054968998   19.889744068634442   9.686351226301666
76   0.0902336283186   0.00022878578725999256   0.0   1   1   0   0.0   0.8720846149608   0.5546295116328653   24.214373592702   0.0   0.2128982353362   2.4756050778918803   1.4388318054968998   19.889744068634442   9.686351226301666
77   0.0921041600508   0.0006375632248510766   0.0   4   1   0   0.0   0.8720846149608   0.5546295116328653   24.214373592702   0.0   0.2128982353362   2.4756050778918803   1.4388318054968998   19.889744068634442   9.686351226301666
78   0.229429076539   0.0009734531549964994   0.0   5   1   0   0.0   0.54618649003693   8.115592146556965   1.5078844369065556   0.0   0.27493726930294005   4.719661813436832   1.2654183389366231   68.04555756084666   0.0
79   0.0900639097744   0.00161567308171216   0.0   3   1   0   0.0   0.54618649003693   8.115592146556965   1.5078844369065556   0.0   0.27493726930294005   4.719661813436832   1.2654183389366231   68.04555756084666   0.0
80   0.0891328996283   0.00021785266114314337   0.0   1   1   0   0.0   0.54618649003693   8.115592146556965   1.5078844369065556   0.0   0.27493726930294005   4.719661813436832   1.2654183389366231   68.04555756084666   0.0
81   0.121323141164   0.0015031023757683052   0.0   4   1   0   0.0   0.54618649003693   8.115592146556965   1.5078844369065556   0.0   0.27493726930294005   4.719661813436832   1.2654183389366231   68.04555756084666   0.0
82   0.348091909741   0.00036787944730212963   0.0   5   1   0   0.0   2.1831628741818996   1.985133086036889   0.5675931445371428   0.0   0.0   1.09089444642425   4.2262356495577995   26.442295358919544   0.0
83   0.121772273822   0.0005885666226237154   0.0   3   1   0   0.0   2.1831628741818996   1.985133086036889   0.5675931445371428   0.0   0.0   1.09089444642425   4.2262356495577995   26.442295358919544   0.0
84   0.248536050157   6.458643020879436e-5   0.0   1   1   0   0.0   2.1831628741818996   1.985133086036889   0.5675931445371428   0.0   0.0   1.09089444642425   4.2262356495577995   26.442295358919544   0.0
85   0.245101014041   0.000519121025251877   0.0   4   1   0   0.0   2.1831628741818996   1.985133086036889   0.5675931445371428   0.0   0.0   1.09089444642425   4.2262356495577995   26.442295358919544   0.0
86   6.79166197183   1.43750361906721e-5   0.0   2   4   0   0.0   2.4365064693509093   4.782292281316909   0.0   0.0   0.0   3.238556385647615   6.167166137631306   26.24790598289904   0.0
87   10.2782631579   9.23241760978377e-5   0.0   5   4   0   0.0   2.4365064693509093   4.782292281316909   0.0   0.0   0.0   3.238556385647615   6.167166137631306   26.24790598289904   0.0
88   4.72011154094   0.00031402367791172434   0.0   3   4   0   0.0   2.4365064693509093   4.782292281316909   0.0   0.0   0.0   3.238556385647615   6.167166137631306   26.24790598289904   0.0
89   4.74509836066   2.470076641214079e-5   0.0   1   4   0   0.0   2.4365064693509093   4.782292281316909   0.0   0.0   0.0   3.238556385647615   6.167166137631306   26.24790598289904   0.0
90   5.97011497326   0.00022716606487231122   0.0   4   4   0   0.0   2.4365064693509093   4.782292281316909   0.0   0.0   0.0   3.238556385647615   6.167166137631306   26.24790598289904   0.0
91   0.305570815451   0.0003773953163297577   0.0   2   2   0   0.0   0.36308805377753334   1.9445402864345094   1.0884308319143106   65.52641295667001   1.92547666399   9.784136079735   8.968934597966001   18.5581241414   0.0
92   1.85269047619   0.00011054605295925305   0.0   5   2   0   0.0   0.36308805377753334   1.9445402864345094   1.0884308319143106   65.52641295667001   1.92547666399   9.784136079735   8.968934597966001   18.5581241414   0.0
93   0.308744688513   0.0011244922676477865   0.0   3   2   0   0.0   0.36308805377753334   1.9445402864345094   1.0884308319143106   65.52641295667001   1.92547666399   9.784136079735   8.968934597966001   18.5581241414   0.0
94   0.31168875502   0.00020165543726632975   0.0   1   2   0   0.0   0.36308805377753334   1.9445402864345094   1.0884308319143106   65.52641295667001   1.92547666399   9.784136079735   8.968934597966001   18.5581241414   0.0
95   0.488748967193   0.0008331447031636013   0.0   4   2   0   0.0   0.36308805377753334   1.9445402864345094   1.0884308319143106   65.52641295667001   1.92547666399   9.784136079735   8.968934597966001   18.5581241414   0.0
96   3.55467586207   0.00026421721449052237   0.0   5   3   0   0.0   0.9514812409047165   0.3150522200391   1.6793526894764   6.292027086705   0.0   0.8495583307505767   1.5354673513325892   33.94056780653105   0.0
97   1.31366998044   0.0012423270713516057   0.0   3   3   0   0.0   0.9514812409047165   0.3150522200391   1.6793526894764   6.292027086705   0.0   0.8495583307505767   1.5354673513325892   33.94056780653105   0.0
98   1.80234367542   0.0007634966404933026   0.0   4   3   0   0.0   0.9514812409047165   0.3150522200391   1.6793526894764   6.292027086705   0.0   0.8495583307505767   1.5354673513325892   33.94056780653105   0.0
99   0.325271193964   0.000912308634861528   0.0   5   1   0   0.0   2.1787524912276695   4.001987814095299   10.448669055125   0.0   2.0208492940488334   6.201143247297474   37.55268473983269   40.28306366620389   2.417986762218143
100   0.303200331126   0.00012228904026994293   0.0   3   1   0   0.0   2.1787524912276695   4.001987814095299   10.448669055125   0.0   2.0208492940488334   6.201143247297474   37.55268473983269   40.28306366620389   2.417986762218143
101   0.273956843039   0.0006849401046907565   0.0   4   1   0   0.0   2.1787524912276695   4.001987814095299   10.448669055125   0.0   2.0208492940488334   6.201143247297474   37.55268473983269   40.28306366620389   2.417986762218143
102   8.31237086093   3.057226006748573e-5   4.01   2   4   0   0.0   0.9514812409047165   0.3150522200391   1.6793526894764   6.292027086705   0.0   0.8495583307505767   1.5354673513325892   33.94056780653105   0.0
103   12.0880875912   0.00019416422122330344   4.01   5   4   0   0.0   0.9514812409047165   0.3150522200391   1.6793526894764   6.292027086705   0.0   0.8495583307505767   1.5354673513325892   33.94056780653105   0.0
104   7.46467713871   0.00041890070251409257   4.01   3   4   0   0.0   0.9514812409047165   0.3150522200391   1.6793526894764   6.292027086705   0.0   0.8495583307505767   1.5354673513325892   33.94056780653105   0.0
105   6.24065196078   4.130292088587476e-5   4.01   1   4   0   0.0   0.9514812409047165   0.3150522200391   1.6793526894764   6.292027086705   0.0   0.8495583307505767   1.5354673513325892   33.94056780653105   0.0
106   9.26031182796   0.0003389269096223253   4.01   4   4   0   0.0   0.9514812409047165   0.3150522200391   1.6793526894764   6.292027086705   0.0   0.8495583307505767   1.5354673513325892   33.94056780653105   0.0
107   0.339084964123   0.001241517210157765   4.01   5   1   0   0.0   1.0510749344370833   1.04508432203315   25.689795854658332   24.9487518439   0.32664936589143   5.087676386349001   0.24934839151321003   12.729230109722   3.2005596446364004
108   0.172404841006   0.0012797831515667373   4.01   3   1   0   0.0   1.0510749344370833   1.04508432203315   25.689795854658332   24.9487518439   0.32664936589143   5.087676386349001   0.24934839151321003   12.729230109722   3.2005596446364004
109   0.334567919075   0.00014010598653443792   4.01   1   1   0   0.0   1.0510749344370833   1.04508432203315   25.689795854658332   24.9487518439   0.32664936589143   5.087676386349001   0.24934839151321003   12.729230109722   3.2005596446364004
110   0.228892038601   0.0010070623945408876   4.01   4   1   0   0.0   1.0510749344370833   1.04508432203315   25.689795854658332   24.9487518439   0.32664936589143   5.087676386349001   0.24934839151321003   12.729230109722   3.2005596446364004
111   0.483269704894   0.0005419996039778762   4.01   2   2   0   0.0   7.182455786841429   1.063965298998404   3.448211328412556   11.85631698727375   0.0   0.7444022876269952   1.2334097549787002   65.48950163230563   23.290944655831108
112   0.481972527473   0.0015476447414295427   4.01   3   2   0   0.0   7.182455786841429   1.063965298998404   3.448211328412556   11.85631698727375   0.0   0.7444022876269952   1.2334097549787002   65.48950163230563   23.290944655831108
113   0.990970484701   0.0007477043472134094   4.01   4   2   0   0.0   7.182455786841429   1.063965298998404   3.448211328412556   11.85631698727375   0.0   0.7444022876269952   1.2334097549787002   65.48950163230563   23.290944655831108
114   0.870073849879   0.0005017090095843023   4.01   5   1   0   0.0   0.36308805377753334   1.9445402864345094   1.0884308319143106   65.52641295667001   1.92547666399   9.784136079735   8.968934597966001   18.5581241414   0.0
115   0.208145348491   0.0034016194794293233   4.01   3   1   0   0.0   0.36308805377753334   1.9445402864345094   1.0884308319143106   65.52641295667001   1.92547666399   9.784136079735   8.968934597966001   18.5581241414   0.0
116   0.246386852684   0.0008562257471880607   4.01   1   1   0   0.0   0.36308805377753334   1.9445402864345094   1.0884308319143106   65.52641295667001   1.92547666399   9.784136079735   8.968934597966001   18.5581241414   0.0
117   0.2902391828   0.0022694335304400503   4.01   4   1   0   0.0   0.36308805377753334   1.9445402864345094   1.0884308319143106   65.52641295667001   1.92547666399   9.784136079735   8.968934597966001   18.5581241414   0.0
118   0.519209049314   0.001991246210355776   4.01   2   2   0   0.0   0.5218639314275266   1.7355789994932564   10.891463953800686   0.0   0.22218244595361247   2.1000913764498037   2.3395740813209818   55.029824307275   9.7291692030983
119   3.30968515206   0.00022635620367847053   4.01   5   2   0   0.0   0.5218639314275266   1.7355789994932564   10.891463953800686   0.0   0.22218244595361247   2.1000913764498037   2.3395740813209818   55.029824307275   9.7291692030983
120   0.52810707676   0.0045947474832551075   4.01   3   2   0   0.0   0.5218639314275266   1.7355789994932564   10.891463953800686   0.0   0.22218244595361247   2.1000913764498037   2.3395740813209818   55.029824307275   9.7291692030983
121   0.501106296692   0.0009485499232858984   4.01   1   2   0   0.0   0.5218639314275266   1.7355789994932564   10.891463953800686   0.0   0.22218244595361247   2.1000913764498037   2.3395740813209818   55.029824307275   9.7291692030983
122   1.09313635783   0.0015842909604508336   4.01   4   2   0   0.0   0.5218639314275266   1.7355789994932564   10.891463953800686   0.0   0.22218244595361247   2.1000913764498037   2.3395740813209818   55.029824307275   9.7291692030983
123   1.14890740741   0.00022959564845383325   4.01   5   2   0   0.0   7.028420408942333   3.948809345782955   3.7984104324335006   21.684183288895003   1.6389870310458998   1.0969777820708333   11.28995650541793   47.54946414341938   63.36489594951555
124   1.29788157895   3.0774725365945904e-5   4.01   3   2   0   0.0   7.028420408942333   3.948809345782955   3.7984104324335006   21.684183288895003   1.6389870310458998   1.0969777820708333   11.28995650541793   47.54946414341938   63.36489594951555
125   0.97113174404   0.00016136484287275583   4.01   4   2   0   0.0   7.028420408942333   3.948809345782955   3.7984104324335006   21.684183288895003   1.6389870310458998   1.0969777820708333   11.28995650541793   47.54946414341938   63.36489594951555
126   1.51485324232   5.932233244882993e-5   4.01   2   1   0   0.0   0.0   0.0   0.0   0.0   0.0   14.001250156035763   0.0   0.0   10.773856857086251
127   11.0034117647   1.032573022146869e-5   4.01   5   1   0   0.0   0.0   0.0   0.0   0.0   0.0   14.001250156035763   0.0   0.0   10.773856857086251
128   0.635970479705   0.0008778895341232989   4.01   3   1   0   0.0   0.0   0.0   0.0   0.0   0.0   14.001250156035763   0.0   0.0   10.773856857086251
129   0.981021179402   0.00048753643869209036   4.01   4   1   0   0.0   0.0   0.0   0.0   0.0   0.0   14.001250156035763   0.0   0.0   10.773856857086251
130   0.419919014085   0.0002300005790507536   4.01   2   1   0   0.0   0.2927455865407923   0.7253431380093858   1.0069628803438235   0.0   2.1533661424342   1.4333105818834704   5.583744477122104   37.225272740442506   0.0
131   0.14079330376   0.0019169414458208936   4.01   3   1   0   0.0   0.2927455865407923   0.7253431380093858   1.0069628803438235   0.0   2.1533661424342   1.4333105818834704   5.583744477122104   37.225272740442506   0.0
132   0.173415554708   0.000531066477861027   4.01   1   1   0   0.0   0.2927455865407923   0.7253431380093858   1.0069628803438235   0.0   2.1533661424342   1.4333105818834704   5.583744477122104   37.225272740442506   0.0
133   0.214229863101   0.0012718870049267905   4.01   4   1   0   0.0   0.2927455865407923   0.7253431380093858   1.0069628803438235   0.0   2.1533661424342   1.4333105818834704   5.583744477122104   37.225272740442506   0.0
134   7.9635123885   0.00020428748614631195   4.01   5   2   0   0.0   0.0   1.6925410211250003   0.0   146.111528023625   0.0   0.0   7.300950822538001   66.1855751085043   38.31396290875
135   8.38184615385   7.896146639946646e-6   4.01   4   2   0   0.0   0.0   1.6925410211250003   0.0   146.111528023625   0.0   0.0   7.300950822538001   66.1855751085043   38.31396290875
136   7.87692275862   0.00044036202415087067   4.01   5   3   0   0.0   0.8720846149608   0.5546295116328653   24.214373592702   0.0   0.2128982353362   2.4756050778918803   1.4388318054968998   19.889744068634442   9.686351226301666
137   3.43386948238   0.0025502528994043065   4.01   3   3   0   0.0   0.8720846149608   0.5546295116328653   24.214373592702   0.0   0.2128982353362   2.4756050778918803   1.4388318054968998   19.889744068634442   9.686351226301666
138   3.20786206897   0.00016440182234965837   4.01   1   3   0   0.0   0.8720846149608   0.5546295116328653   24.214373592702   0.0   0.2128982353362   2.4756050778918803   1.4388318054968998   19.889744068634442   9.686351226301666
139   4.63088533216   0.0018468884525536745   4.01   4   3   0   0.0   0.8720846149608   0.5546295116328653   24.214373592702   0.0   0.2128982353362   2.4756050778918803   1.4388318054968998   19.889744068634442   9.686351226301666
140   0.963238477901   0.0008566306777849811   4.01   5   2   0   0.0   2.4365064693509093   4.782292281316909   0.0   0.0   0.0   3.238556385647615   6.167166137631306   26.24790598289904   0.0
141   1.03058139535   0.00014800213317438458   4.01   3   2   0   0.0   2.4365064693509093   4.782292281316909   0.0   0.0   0.0   3.238556385647615   6.167166137631306   26.24790598289904   0.0
142   0.805195043103   0.0009394389848551908   4.01   4   2   0   0.0   2.4365064693509093   4.782292281316909   0.0   0.0   0.0   3.238556385647615   6.167166137631306   26.24790598289904   0.0
143   0.113859772706   0.0021556480327054343   4.01   2   1   0   0.0   2.4935190935987857   0.5680130602919167   3.748936545974367   0.0   0.0   0.8601462889672501   17.867634705460684   17.591298068874053   0.0
144   0.647253899946   0.0003763829898374568   4.01   5   1   0   0.0   2.4935190935987857   0.5680130602919167   3.748936545974367   0.0   0.0   0.8601462889672501   17.867634705460684   17.591298068874053   0.0
145   0.115024880792   0.0033119273522114676   4.01   3   1   0   0.0   2.4935190935987857   0.5680130602919167   3.748936545974367   0.0   0.0   0.8601462889672501   17.867634705460684   17.591298068874053   0.0
146   0.115172600733   0.0013818256619906632   4.01   1   1   0   0.0   2.4935190935987857   0.5680130602919167   3.748936545974367   0.0   0.0   0.8601462889672501   17.867634705460684   17.591298068874053   0.0
147   0.15914869948   0.0025298039042598295   4.01   4   1   0   0.0   2.4935190935987857   0.5680130602919167   3.748936545974367   0.0   0.0   0.8601462889672501   17.867634705460684   17.591298068874053   0.0
148   62.7020229885   3.522896193206965e-5   5.13   3   4   1   0.0   0.6564489325366429   0.8086981085681142   1.4771393494959   18.737585737291   1.203307631673143   3.0461253835189033   0.23301479928154445   52.14757917054294   1.1759096751892222
149   36.7409393939   6.681354849185624e-6   5.13   1   4   1   0.0   0.6564489325366429   0.8086981085681142   1.4771393494959   18.737585737291   1.203307631673143   3.0461253835189033   0.23301479928154445   52.14757917054294   1.1759096751892222
150   110.666912088   1.8424342159875508e-5   5.13   4   4   1   0.0   0.6564489325366429   0.8086981085681142   1.4771393494959   18.737585737291   1.203307631673143   3.0461253835189033   0.23301479928154445   52.14757917054294   1.1759096751892222
151   17.697890411   1.477996678759244e-5   5.13   3   2   1   0.0   0.0   1.6925410211250003   0.0   146.111528023625   0.0   0.0   7.300950822538001   66.1855751085043   38.31396290875
152   23.4188192771   1.6804619772194144e-5   5.13   4   2   1   0.0   0.0   1.6925410211250003   0.0   146.111528023625   0.0   0.0   7.300950822538001   66.1855751085043   38.31396290875
153   28.6623285714   1.417257089221193e-5   5.13   5   3   1   0.0   2.72728525641   7.94834602862   7.575539984230583   0.0   0.0   4.150851575878501   28.503292678853935   4.214959138328   0.0
154   22.4711   2.0246529846017042e-6   5.13   3   3   1   0.0   2.72728525641   7.94834602862   7.575539984230583   0.0   0.0   4.150851575878501   28.503292678853935   4.214959138328   0.0
155   22.1238703704   1.0933126116849203e-5   5.13   4   3   1   0.0   2.72728525641   7.94834602862   7.575539984230583   0.0   0.0   4.150851575878501   28.503292678853935   4.214959138328   0.0
156   8.22571153846   3.158458655978658e-5   5.13   2   2   1   0.0   2.4935190935987857   0.5680130602919167   3.748936545974367   0.0   0.0   0.8601462889672501   17.867634705460684   17.591298068874053   0.0
157   18.1982888889   0.0001457750148913227   5.13   5   2   1   0.0   2.4935190935987857   0.5680130602919167   3.748936545974367   0.0   0.0   0.8601462889672501   17.867634705460684   17.591298068874053   0.0
158   6.88663025669   0.000370713961480572   5.13   3   2   1   0.0   2.4935190935987857   0.5680130602919167   3.748936545974367   0.0   0.0   0.8601462889672501   17.867634705460684   17.591298068874053   0.0
159   5.83401041667   3.887333730435272e-5   5.13   1   2   1   0.0   2.4935190935987857   0.5680130602919167   3.748936545974367   0.0   0.0   0.8601462889672501   17.867634705460684   17.591298068874053   0.0
160   12.1959486673   0.00020509734734015263   5.13   4   2   1   0.0   2.4935190935987857   0.5680130602919167   3.748936545974367   0.0   0.0   0.8601462889672501   17.867634705460684   17.591298068874053   0.0
161   2.42690962099   0.0001388911947436769   5.13   2   1   1   0.0   0.36308805377753334   1.9445402864345094   1.0884308319143106   65.52641295667001   1.92547666399   9.784136079735   8.968934597966001   18.5581241414   0.0
162   3.98790359422   0.0006027391935159274   5.13   5   1   1   0.0   0.36308805377753334   1.9445402864345094   1.0884308319143106   65.52641295667001   1.92547666399   9.784136079735   8.968934597966001   18.5581241414   0.0
163   2.09257512788   0.001266622907166826   5.13   3   1   1   0.0   0.36308805377753334   1.9445402864345094   1.0884308319143106   65.52641295667001   1.92547666399   9.784136079735   8.968934597966001   18.5581241414   0.0
164   3.27270769231   1.3160244399911077e-5   5.13   1   1   1   0.0   0.36308805377753334   1.9445402864345094   1.0884308319143106   65.52641295667001   1.92547666399   9.784136079735   8.968934597966001   18.5581241414   0.0
165   2.8573933917   0.0007169296218474634   5.13   4   1   1   0.0   0.36308805377753334   1.9445402864345094   1.0884308319143106   65.52641295667001   1.92547666399   9.784136079735   8.968934597966001   18.5581241414   0.0
166   79.18695   8.098611938406817e-6   5.13   2   4   1   0.0   0.2927455865407923   0.7253431380093858   1.0069628803438235   0.0   2.1533661424342   1.4333105818834704   5.583744477122104   37.225272740442506   0.0
167   376.803666667   1.2147917907610225e-6   5.13   5   4   1   0.0   0.2927455865407923   0.7253431380093858   1.0069628803438235   0.0   2.1533661424342   1.4333105818834704   5.583744477122104   37.225272740442506   0.0
168   106.385962025   1.5994758578353463e-5   5.13   3   4   1   0.0   0.2927455865407923   0.7253431380093858   1.0069628803438235   0.0   2.1533661424342   1.4333105818834704   5.583744477122104   37.225272740442506   0.0
169   71.2943   6.073958953805113e-6   5.13   1   4   1   0.0   0.2927455865407923   0.7253431380093858   1.0069628803438235   0.0   2.1533661424342   1.4333105818834704   5.583744477122104   37.225272740442506   0.0
170   173.9182   9.110938430707668e-6   5.13   4   4   1   0.0   0.2927455865407923   0.7253431380093858   1.0069628803438235   0.0   2.1533661424342   1.4333105818834704   5.583744477122104   37.225272740442506   0.0
171   17.355   1.0123264923008521e-6   5.13   2   3   1   0.0   2.1831628741818996   1.985133086036889   0.5675931445371428   0.0   0.0   1.09089444642425   4.2262356495577995   26.442295358919544   0.0
172   26.5050153846   2.6320488799822153e-5   5.13   5   3   1   0.0   2.1831628741818996   1.985133086036889   0.5675931445371428   0.0   0.0   1.09089444642425   4.2262356495577995   26.442295358919544   0.0
173   10.1919635628   5.0008928719662094e-5   5.13   3   3   1   0.0   2.1831628741818996   1.985133086036889   0.5675931445371428   0.0   0.0   1.09089444642425   4.2262356495577995   26.442295358919544   0.0
174   15.9074879032   5.0211394018122265e-5   5.13   4   3   1   0.0   2.1831628741818996   1.985133086036889   0.5675931445371428   0.0   0.0   1.09089444642425   4.2262356495577995   26.442295358919544   0.0
175   2.50441106719   0.00010244744102084623   5.13   3   1   1   0.0   7.028420408942333   3.948809345782955   3.7984104324335006   21.684183288895003   1.6389870310458998   1.0969777820708333   11.28995650541793   47.54946414341938   63.36489594951555
176   2.63158491508   0.0004053355275172612   5.13   4   1   1   0.0   7.028420408942333   3.948809345782955   3.7984104324335006   21.684183288895003   1.6389870310458998   1.0969777820708333   11.28995650541793   47.54946414341938   63.36489594951555
177   16.2148421053   3.846840670743238e-6   5.13   2   2   1   0.0   5.017751533807   19.1690923549125   29.273757079621646   103.53168987555   0.0   5.714848337557   4.44715273454955   241.42071859697873   65.3875111007
178   14.0246432432   3.745608021513153e-5   5.13   3   2   1   0.0   5.017751533807   19.1690923549125   29.273757079621646   103.53168987555   0.0   5.714848337557   4.44715273454955   241.42071859697873   65.3875111007
179   12.9016315789   3.846840670743238e-6   5.13   1   2   1   0.0   5.017751533807   19.1690923549125   29.273757079621646   103.53168987555   0.0   5.714848337557   4.44715273454955   241.42071859697873   65.3875111007
180   28.6071704545   1.7816946264494997e-5   5.13   4   2   1   0.0   5.017751533807   19.1690923549125   29.273757079621646   103.53168987555   0.0   5.714848337557   4.44715273454955   241.42071859697873   65.3875111007
181   1.95881847725   0.0004361102528832071   5.13   2   1   1   0.0   7.182455786841429   1.063965298998404   3.448211328412556   11.85631698727375   0.0   0.7444022876269952   1.2334097549787002   65.48950163230563   23.290944655831108
182   9.05774175824   3.6848684319751015e-5   5.13   5   1   1   0.0   7.182455786841429   1.063965298998404   3.448211328412556   11.85631698727375   0.0   0.7444022876269952   1.2334097549787002   65.48950163230563   23.290944655831108
183   2.01199433144   0.000607193430082051   5.13   3   1   1   0.0   7.182455786841429   1.063965298998404   3.448211328412556   11.85631698727375   0.0   0.7444022876269952   1.2334097549787002   65.48950163230563   23.290944655831108
184   1.97357477769   0.00025044957419523083   5.13   1   1   1   0.0   7.182455786841429   1.063965298998404   3.448211328412556   11.85631698727375   0.0   0.7444022876269952   1.2334097549787002   65.48950163230563   23.290944655831108
185   2.55381072874   0.00040007142975729675   5.13   4   1   1   0.0   7.182455786841429   1.063965298998404   3.448211328412556   11.85631698727375   0.0   0.7444022876269952   1.2334097549787002   65.48950163230563   23.290944655831108
186   5.77117142857   4.251771267663579e-5   5.13   2   1   1   0.0   0.82760876396925   0.5336232383752727   5.664943757558739   99.26672099218572   0.0   24.825431642070434   3.60037153423875   19.771832397154732   0.0
187   5.04118172269   0.0003854939282681645   5.13   3   1   1   0.0   0.82760876396925   0.5336232383752727   5.664943757558739   99.26672099218572   0.0   24.825431642070434   3.60037153423875   19.771832397154732   0.0
188   3.86243203883   0.00012512355444838533   5.13   1   1   1   0.0   0.82760876396925   0.5336232383752727   5.664943757558739   99.26672099218572   0.0   24.825431642070434   3.60037153423875   19.771832397154732   0.0
189   9.80277334994   0.00016257963466351685   5.13   4   1   1   0.0   0.82760876396925   0.5336232383752727   5.664943757558739   99.26672099218572   0.0   24.825431642070434   3.60037153423875   19.771832397154732   0.0
190   10.0560465116   8.706007833787327e-6   5.13   2   1   1   0.0   0.0   0.0   0.0   0.0   0.0   14.001250156035763   0.0   0.0   10.773856857086251
191   35.4364246575   1.477996678759244e-5   5.13   5   1   1   0.0   0.0   0.0   0.0   0.0   0.0   14.001250156035763   0.0   0.0   10.773856857086251
192   6.69682439024   4.1505386184334934e-5   5.13   1   1   1   0.0   0.0   0.0   0.0   0.0   0.0   14.001250156035763   0.0   0.0   10.773856857086251
193   3.24356753022   0.0005861370390421933   5.13   3   2   1   0.0   1.9863950368781664   1.618868559239553   3.8054077289217005   65.67635042629999   0.2533995496942   0.29157731208851667   3.5457182702881536   31.67557119059625   0.0
194   4.68944365362   0.000512034739805771   5.13   4   2   1   0.0   1.9863950368781664   1.618868559239553   3.8054077289217005   65.67635042629999   0.2533995496942   0.29157731208851667   3.5457182702881536   31.67557119059625   0.0
195   2.20237037037   5.4665630584246014e-6   0.0   2   1   1   0.0   0.0   0.0   0.0   0.0   0.0   14.001250156035763   0.0   0.0   10.773856857086251
196   2.65962616822   2.1663786935238235e-5   0.0   5   1   1   0.0   0.0   0.0   0.0   0.0   0.0   14.001250156035763   0.0   0.0   10.773856857086251
197   0.966639431616   0.00011398796303307595   0.0   3   1   1   0.0   0.0   0.0   0.0   0.0   0.0   14.001250156035763   0.0   0.0   10.773856857086251
198   0.980485507246   2.7940211187503517e-5   0.0   1   1   1   0.0   0.0   0.0   0.0   0.0   0.0   14.001250156035763   0.0   0.0   10.773856857086251
199   1.37201295337   7.815160520562579e-5   0.0   4   1   1   0.0   0.0   0.0   0.0   0.0   0.0   14.001250156035763   0.0   0.0   10.773856857086251
200   21.3392105263   3.846840670743238e-6   0.0   5   3   1   0.0   7.028420408942333   3.948809345782955   3.7984104324335006   21.684183288895003   1.6389870310458998   1.0969777820708333   11.28995650541793   47.54946414341938   63.36489594951555
201   5.89921238938   2.287857872599926e-5   0.0   3   3   1   0.0   7.028420408942333   3.948809345782955   3.7984104324335006   21.684183288895003   1.6389870310458998   1.0969777820708333   11.28995650541793   47.54946414341938   63.36489594951555
202   7.54359259259   2.7332815292123006e-5   0.0   4   3   1   0.0   7.028420408942333   3.948809345782955   3.7984104324335006   21.684183288895003   1.6389870310458998   1.0969777820708333   11.28995650541793   47.54946414341938   63.36489594951555
203   144.4563125   3.2394447753627268e-6   0.0   5   3   1   0.0   5.017751533807   19.1690923549125   29.273757079621646   103.53168987555   0.0   5.714848337557   4.44715273454955   241.42071859697873   65.3875111007
204   103.4494   1.0123264923008521e-6   0.0   4   3   1   0.0   5.017751533807   19.1690923549125   29.273757079621646   103.53168987555   0.0   5.714848337557   4.44715273454955   241.42071859697873   65.3875111007
205   9.04625531915   9.515869027628009e-6   0.0   2   2   1   0.0   0.82760876396925   0.5336232383752727   5.664943757558739   99.26672099218572   0.0   24.825431642070434   3.60037153423875   19.771832397154732   0.0
206   4.76446391753   1.9639133950636532e-5   0.0   4   2   1   0.0   0.82760876396925   0.5336232383752727   5.664943757558739   99.26672099218572   0.0   24.825431642070434   3.60037153423875   19.771832397154732   0.0
207   3.01597808219   7.38998339379622e-5   0.0   5   1   1   0.0   2.4935190935987857   0.5680130602919167   3.748936545974367   0.0   0.0   0.8601462889672501   17.867634705460684   17.591298068874053   0.0
208   0.327966505733   0.0006709699990970048   0.0   3   1   1   0.0   2.4935190935987857   0.5680130602919167   3.748936545974367   0.0   0.0   0.8601462889672501   17.867634705460684   17.591298068874053   0.0
209   0.275308144416   0.00024113617046606298   0.0   1   1   1   0.0   2.4935190935987857   0.5680130602919167   3.748936545974367   0.0   0.0   0.8601462889672501   17.867634705460684   17.591298068874053   0.0
210   0.561861379064   0.000566700370390017   0.0   4   1   1   0.0   2.4935190935987857   0.5680130602919167   3.748936545974367   0.0   0.0   0.8601462889672501   17.867634705460684   17.591298068874053   0.0
211   0.234375217391   0.00046567018645839197   0.0   2   1   1   0.0   0.8720846149608   0.5546295116328653   24.214373592702   0.0   0.2128982353362   2.4756050778918803   1.4388318054968998   19.889744068634442   9.686351226301666
212   1.42615698925   9.414636378397925e-5   0.0   5   1   1   0.0   0.8720846149608   0.5546295116328653   24.214373592702   0.0   0.2128982353362   2.4756050778918803   1.4388318054968998   19.889744068634442   9.686351226301666
213   0.23934481885   0.0007991305330222926   0.0   3   1   1   0.0   0.8720846149608   0.5546295116328653   24.214373592702   0.0   0.2128982353362   2.4756050778918803   1.4388318054968998   19.889744068634442   9.686351226301666
214   0.237287375415   0.00024376821934604518   0.0   1   1   1   0.0   0.8720846149608   0.5546295116328653   24.214373592702   0.0   0.2128982353362   2.4756050778918803   1.4388318054968998   19.889744068634442   9.686351226301666
215   0.325892622099   0.000584517316654512   0.0   4   1   1   0.0   0.8720846149608   0.5546295116328653   24.214373592702   0.0   0.2128982353362   2.4756050778918803   1.4388318054968998   19.889744068634442   9.686351226301666
216   1.16682342502   0.00022817839136461207   0.0   5   1   1   0.0   0.54618649003693   8.115592146556965   1.5078844369065556   0.0   0.27493726930294005   4.719661813436832   1.2654183389366231   68.04555756084666   0.0
217   0.278439852228   0.0008768772076309981   0.0   3   1   1   0.0   0.54618649003693   8.115592146556965   1.5078844369065556   0.0   0.27493726930294005   4.719661813436832   1.2654183389366231   68.04555756084666   0.0
218   0.58742870077   0.00044724584429851644   0.0   4   1   1   0.0   0.54618649003693   8.115592146556965   1.5078844369065556   0.0   0.27493726930294005   4.719661813436832   1.2654183389366231   68.04555756084666   0.0
219   0.300012958281   0.0006406002043279792   0.0   3   1   1   0.0   2.1831628741818996   1.985133086036889   0.5675931445371428   0.0   0.0   1.09089444642425   4.2262356495577995   26.442295358919544   0.0
220   0.30003164557   6.397903431341385e-5   0.0   1   1   1   0.0   2.1831628741818996   1.985133086036889   0.5675931445371428   0.0   0.0   1.09089444642425   4.2262356495577995   26.442295358919544   0.0
221   0.634740075614   0.0004284165715417206   0.0   4   1   1   0.0   2.1831628741818996   1.985133086036889   0.5675931445371428   0.0   0.0   1.09089444642425   4.2262356495577995   26.442295358919544   0.0
222   35.612   2.0246529846017042e-7   0.0   2   4   1   0.0   2.4365064693509093   4.782292281316909   0.0   0.0   0.0   3.238556385647615   6.167166137631306   26.24790598289904   0.0
223   86.2948666667   3.0369794769025564e-6   0.0   5   4   1   0.0   2.4365064693509093   4.782292281316909   0.0   0.0   0.0   3.238556385647615   6.167166137631306   26.24790598289904   0.0
224   25.9713818182   2.2271182830618745e-5   0.0   3   4   1   0.0   2.4365064693509093   4.782292281316909   0.0   0.0   0.0   3.238556385647615   6.167166137631306   26.24790598289904   0.0
225   25.488   2.0246529846017042e-6   0.0   1   4   1   0.0   2.4365064693509093   4.782292281316909   0.0   0.0   0.0   3.238556385647615   6.167166137631306   26.24790598289904   0.0
226   40.1231666667   1.3362709698371248e-5   0.0   4   4   1   0.0   2.4365064693509093   4.782292281316909   0.0   0.0   0.0   3.238556385647615   6.167166137631306   26.24790598289904   0.0
227   0.937073505654   0.000250652039493691   0.0   2   2   1   0.0   0.36308805377753334   1.9445402864345094   1.0884308319143106   65.52641295667001   1.92547666399   9.784136079735   8.968934597966001   18.5581241414   0.0
228   10.2340333333   1.8221876861415336e-5   0.0   5   2   1   0.0   0.36308805377753334   1.9445402864345094   1.0884308319143106   65.52641295667001   1.92547666399   9.784136079735   8.968934597966001   18.5581241414   0.0
229   1.03400141443   0.0004294288980340215   0.0   3   2   1   0.0   0.36308805377753334   1.9445402864345094   1.0884308319143106   65.52641295667001   1.92547666399   9.784136079735   8.968934597966001   18.5581241414   0.0
230   0.952387826087   0.00011641754661459799   0.0   1   2   1   0.0   0.36308805377753334   1.9445402864345094   1.0884308319143106   65.52641295667001   1.92547666399   9.784136079735   8.968934597966001   18.5581241414   0.0
231   18.2263224299   4.332757387047647e-5   0.0   5   3   1   0.0   0.9514812409047165   0.3150522200391   1.6793526894764   6.292027086705   0.0   0.8495583307505767   1.5354673513325892   33.94056780653105   0.0
232   4.88851298701   0.00018707793577719747   0.0   3   3   1   0.0   0.9514812409047165   0.3150522200391   1.6793526894764   6.292027086705   0.0   0.8495583307505767   1.5354673513325892   33.94056780653105   0.0
233   1.80060757156   0.00021926991823236456   0.0   5   1   1   0.0   2.1787524912276695   4.001987814095299   10.448669055125   0.0   2.0208492940488334   6.201143247297474   37.55268473983269   40.28306366620389   2.417986762218143
234   0.987527607362   6.600368729801556e-5   0.0   3   1   1   0.0   2.1787524912276695   4.001987814095299   10.448669055125   0.0   2.0208492940488334   6.201143247297474   37.55268473983269   40.28306366620389   2.417986762218143
235   31.9101666667   2.429583581522045e-6   4.01   2   4   1   0.0   0.9514812409047165   0.3150522200391   1.6793526894764   6.292027086705   0.0   0.8495583307505767   1.5354673513325892   33.94056780653105   0.0
236   53.5170487805   1.6602154473733973e-5   4.01   5   4   1   0.0   0.9514812409047165   0.3150522200391   1.6793526894764   6.292027086705   0.0   0.8495583307505767   1.5354673513325892   33.94056780653105   0.0
237   27.5632465753   2.955993357518488e-5   4.01   3   4   1   0.0   0.9514812409047165   0.3150522200391   1.6793526894764   6.292027086705   0.0   0.8495583307505767   1.5354673513325892   33.94056780653105   0.0
238   30.2206428571   2.834514178442386e-6   4.01   1   4   1   0.0   0.9514812409047165   0.3150522200391   1.6793526894764   6.292027086705   0.0   0.8495583307505767   1.5354673513325892   33.94056780653105   0.0
239   37.4905833333   1.943666865217636e-5   4.01   4   4   1   0.0   0.9514812409047165   0.3150522200391   1.6793526894764   6.292027086705   0.0   0.8495583307505767   1.5354673513325892   33.94056780653105   0.0
240   1.69144020009   0.00044522119131391473   4.01   5   1   1   0.0   1.0510749344370833   1.04508432203315   25.689795854658332   24.9487518439   0.32664936589143   5.087676386349001   0.24934839151321003   12.729230109722   3.2005596446364004
241   0.785987541097   0.001170046959801325   4.01   3   1   1   0.0   1.0510749344370833   1.04508432203315   25.689795854658332   24.9487518439   0.32664936589143   5.087676386349001   0.24934839151321003   12.729230109722   3.2005596446364004
242   1.26534836066   4.940153282428158e-5   4.01   1   1   1   0.0   1.0510749344370833   1.04508432203315   25.689795854658332   24.9487518439   0.32664936589143   5.087676386349001   0.24934839151321003   12.729230109722   3.2005596446364004
243   1.01156229081   0.0005444291875593983   4.01   4   1   1   0.0   1.0510749344370833   1.04508432203315   25.689795854658332   24.9487518439   0.32664936589143   5.087676386349001   0.24934839151321003   12.729230109722   3.2005596446364004
244   2.82351904762   0.00021258856338317894   4.01   3   2   1   0.0   7.182455786841429   1.063965298998404   3.448211328412556   11.85631698727375   0.0   0.7444022876269952   1.2334097549787002   65.48950163230563   23.290944655831108
245   6.18   9.495622497781993e-5   4.01   4   2   1   0.0   7.182455786841429   1.063965298998404   3.448211328412556   11.85631698727375   0.0   0.7444022876269952   1.2334097549787002   65.48950163230563   23.290944655831108
246   3.95129313544   0.00010912879587003185   4.01   5   1   1   0.0   0.36308805377753334   1.9445402864345094   1.0884308319143106   65.52641295667001   1.92547666399   9.784136079735   8.968934597966001   18.5581241414   0.0
247   0.963118772137   0.0017148810779576435   4.01   3   1   1   0.0   0.36308805377753334   1.9445402864345094   1.0884308319143106   65.52641295667001   1.92547666399   9.784136079735   8.968934597966001   18.5581241414   0.0
248   1.0321182598   0.0003304233670869981   4.01   1   1   1   0.0   0.36308805377753334   1.9445402864345094   1.0884308319143106   65.52641295667001   1.92547666399   9.784136079735   8.968934597966001   18.5581241414   0.0
249   1.33352974735   0.0007452747636318873   4.01   4   1   1   0.0   0.36308805377753334   1.9445402864345094   1.0884308319143106   65.52641295667001   1.92547666399   9.784136079735   8.968934597966001   18.5581241414   0.0
250   2.61028571429   0.0002210921059185061   4.01   2   2   1   0.0   0.5218639314275266   1.7355789994932564   10.891463953800686   0.0   0.22218244595361247   2.1000913764498037   2.3395740813209818   55.029824307275   9.7291692030983
251   16.175358209   2.7130349993662835e-5   4.01   5   2   1   0.0   0.5218639314275266   1.7355789994932564   10.891463953800686   0.0   0.22218244595361247   2.1000913764498037   2.3395740813209818   55.029824307275   9.7291692030983
252   3.0148203125   0.0003887333730435272   4.01   3   2   1   0.0   0.5218639314275266   1.7355789994932564   10.891463953800686   0.0   0.22218244595361247   2.1000913764498037   2.3395740813209818   55.029824307275   9.7291692030983
253   2.51863355049   0.00012431369325454465   4.01   1   2   1   0.0   0.5218639314275266   1.7355789994932564   10.891463953800686   0.0   0.22218244595361247   2.1000913764498037   2.3395740813209818   55.029824307275   9.7291692030983
254   5.88032324455   0.00016723633652810077   4.01   4   2   1   0.0   0.5218639314275266   1.7355789994932564   10.891463953800686   0.0   0.22218244595361247   2.1000913764498037   2.3395740813209818   55.029824307275   9.7291692030983
255   4.2298483871   6.276424252265284e-5   4.01   5   2   1   0.0   7.028420408942333   3.948809345782955   3.7984104324335006   21.684183288895003   1.6389870310458998   1.0969777820708333   11.28995650541793   47.54946414341938   63.36489594951555
256   3.422796875   1.2957779101450907e-5   4.01   3   2   1   0.0   7.028420408942333   3.948809345782955   3.7984104324335006   21.684183288895003   1.6389870310458998   1.0969777820708333   11.28995650541793   47.54946414341938   63.36489594951555
257   3.15916393443   8.645268244249277e-5   4.01   4   2   1   0.0   7.028420408942333   3.948809345782955   3.7984104324335006   21.684183288895003   1.6389870310458998   1.0969777820708333   11.28995650541793   47.54946414341938   63.36489594951555
258   4.77731578947   7.693681341486476e-6   4.01   2   1   1   0.0   0.0   0.0   0.0   0.0   0.0   14.001250156035763   0.0   0.0   10.773856857086251
259   47.2511428571   1.417257089221193e-6   4.01   5   1   1   0.0   0.0   0.0   0.0   0.0   0.0   14.001250156035763   0.0   0.0   10.773856857086251
260   2.79670286278   0.00020509734734015263   4.01   3   1   1   0.0   0.0   0.0   0.0   0.0   0.0   14.001250156035763   0.0   0.0   10.773856857086251
261   5.74847555556   9.110938430707669e-5   4.01   4   1   1   0.0   0.0   0.0   0.0   0.0   0.0   14.001250156035763   0.0   0.0   10.773856857086251
262   1.45449615385   5.264097759964431e-5   4.01   2   1   1   0.0   0.2927455865407923   0.7253431380093858   1.0069628803438235   0.0   2.1533661424342   1.4333105818834704   5.583744477122104   37.225272740442506   0.0
263   0.771178319876   0.001178550502336652   4.01   3   1   1   0.0   0.2927455865407923   0.7253431380093858   1.0069628803438235   0.0   2.1533661424342   1.4333105818834704   5.583744477122104   37.225272740442506   0.0
264   1.0611370768   0.0004903709528705328   4.01   4   1   1   0.0   0.2927455865407923   0.7253431380093858   1.0069628803438235   0.0   2.1533661424342   1.4333105818834704   5.583744477122104   37.225272740442506   0.0
265   35.40625   2.429583581522045e-6   4.01   4   2   1   0.0   0.0   1.6925410211250003   0.0   146.111528023625   0.0   0.0   7.300950822538001   66.1855751085043   38.31396290875
266   34.8447821229   3.62412884243705e-5   4.01   5   3   1   0.0   0.8720846149608   0.5546295116328653   24.214373592702   0.0   0.2128982353362   2.4756050778918803   1.4388318054968998   19.889744068634442   9.686351226301666
267   13.2562898383   0.0001753349484665076   4.01   3   3   1   0.0   0.8720846149608   0.5546295116328653   24.214373592702   0.0   0.2128982353362   2.4756050778918803   1.4388318054968998   19.889744068634442   9.686351226301666
268   10.921877551   2.976239887364505e-5   4.01   1   3   1   0.0   0.8720846149608   0.5546295116328653   24.214373592702   0.0   0.2128982353362   2.4756050778918803   1.4388318054968998   19.889744068634442   9.686351226301666
269   20.4513506944   0.00011662001191305816   4.01   4   3   1   0.0   0.8720846149608   0.5546295116328653   24.214373592702   0.0   0.2128982353362   2.4756050778918803   1.4388318054968998   19.889744068634442   9.686351226301666
270   3.63484749455   0.00018586314398643644   4.01   4   2   1   0.0   2.4365064693509093   4.782292281316909   0.0   0.0   0.0   3.238556385647615   6.167166137631306   26.24790598289904   0.0
271   0.760152976388   0.0006088131524697324   4.01   2   1   1   0.0   2.4935190935987857   0.5680130602919167   3.748936545974367   0.0   0.0   0.8601462889672501   17.867634705460684   17.591298068874053   0.0
272   0.772976643599   0.000936199540079828   4.01   3   1   1   0.0   2.4935190935987857   0.5680130602919167   3.748936545974367   0.0   0.0   0.8601462889672501   17.867634705460684   17.591298068874053   0.0
273   0.776138377302   0.00040675278460648235   4.01   1   1   1   0.0   2.4935190935987857   0.5680130602919167   3.748936545974367   0.0   0.0   0.8601462889672501   17.867634705460684   17.591298068874053   0.0
274   1.06029357088   0.00052276540062416   4.01   4   1   1   0.0   2.4935190935987857   0.5680130602919167   3.748936545974367   0.0   0.0   0.8601462889672501   17.867634705460684   17.591298068874053   0.0
