key   prices   shares   usage   condition   rarity   statTrak   z1   z2   z3   z4   z5   z6   z7   z8   z9   z10
1   0.226418918919   2.9964864172105223e-5   0.0   2   1   0   0.0   0.2927455865407923   0.7253431380093858   60.14907987431646   1.0069628803438235   0.0   2.1533661424342   1.4333105818834704   37.225272740442506   0.0
2   0.246187096774   9.414636378397925e-5   0.0   5   1   0   0.0   0.2927455865407923   0.7253431380093858   60.14907987431646   1.0069628803438235   0.0   2.1533661424342   1.4333105818834704   37.225272740442506   0.0
3   0.1004375   0.0004632406028768699   0.0   3   1   0   0.0   0.2927455865407923   0.7253431380093858   60.14907987431646   1.0069628803438235   0.0   2.1533661424342   1.4333105818834704   37.225272740442506   0.0
4   0.0914291217257   0.0002627999574013012   0.0   4   1   0   0.0   0.2927455865407923   0.7253431380093858   60.14907987431646   1.0069628803438235   0.0   2.1533661424342   1.4333105818834704   37.225272740442506   0.0
5   0.677842391304   3.725361491667136e-5   0.0   2   1   0   0.0   2.72728525641   7.94834602862   16.164233217148332   7.575539984230583   0.0   0.0   4.150851575878501   4.214959138328   0.0
6   5.4176   8.098611938406817e-6   0.0   5   1   0   0.0   2.72728525641   7.94834602862   16.164233217148332   7.575539984230583   0.0   0.0   4.150851575878501   4.214959138328   0.0
7   0.589353828306   0.0001745250872726669   0.0   3   1   0   0.0   2.72728525641   7.94834602862   16.164233217148332   7.575539984230583   0.0   0.0   4.150851575878501   4.214959138328   0.0
8   0.560828431373   4.130292088587476e-5   0.0   1   1   0   0.0   2.72728525641   7.94834602862   16.164233217148332   7.575539984230583   0.0   0.0   4.150851575878501   4.214959138328   0.0
9   0.860627480916   0.0001326147704914116   0.0   4   1   0   0.0   2.72728525641   7.94834602862   16.164233217148332   7.575539984230583   0.0   0.0   4.150851575878501   4.214959138328   0.0
10   1.6979755102   4.960399812274175e-5   0.0   2   3   0   0.0   2.4365064693509093   4.782292281316909   18.030609111935284   0.0   0.0   0.0   3.238556385647615   26.24790598289904   0.0
11   6.58945652174   1.862680745833568e-5   0.0   5   3   0   0.0   2.4365064693509093   4.782292281316909   18.030609111935284   0.0   0.0   0.0   3.238556385647615   26.24790598289904   0.0
12   1.76665365854   4.1505386184334934e-5   0.0   1   3   0   0.0   2.4365064693509093   4.782292281316909   18.030609111935284   0.0   0.0   0.0   3.238556385647615   26.24790598289904   0.0
13   2.27240425532   9.515869027628009e-5   0.0   4   3   0   0.0   2.4365064693509093   4.782292281316909   18.030609111935284   0.0   0.0   0.0   3.238556385647615   26.24790598289904   0.0
14   3.13725   4.0493059692034085e-6   0.0   2   3   0   0.0   2.1831628741818996   1.985133086036889   6.464932748097734   0.5675931445371428   0.0   0.0   1.09089444642425   26.442295358919544   0.0
15   6.16989928058   5.6285352971927376e-5   0.0   5   3   0   0.0   2.1831628741818996   1.985133086036889   6.464932748097734   0.5675931445371428   0.0   0.0   1.09089444642425   26.442295358919544   0.0
16   3.86   5.061632461504261e-6   0.0   1   3   0   0.0   2.1831628741818996   1.985133086036889   6.464932748097734   0.5675931445371428   0.0   0.0   1.09089444642425   26.442295358919544   0.0
17   3.50525663717   9.151431490399704e-5   0.0   4   3   0   0.0   2.1831628741818996   1.985133086036889   6.464932748097734   0.5675931445371428   0.0   0.0   1.09089444642425   26.442295358919544   0.0
18   0.197595155709   5.851247125498925e-5   0.0   2   1   0   0.0   2.1787524912276695   4.001987814095299   0.7381127094102   10.448669055125   0.0   2.0208492940488334   6.201143247297474   40.28306366620389   2.417986762218143
19   0.270771151179   0.00014597748018978286   0.0   5   1   0   0.0   2.1787524912276695   4.001987814095299   0.7381127094102   10.448669055125   0.0   2.0208492940488334   6.201143247297474   40.28306366620389   2.417986762218143
20   0.198731543624   3.0167329470565394e-5   0.0   1   1   0   0.0   2.1787524912276695   4.001987814095299   0.7381127094102   10.448669055125   0.0   2.0208492940488334   6.201143247297474   40.28306366620389   2.417986762218143
21   0.152301178992   0.000188900123463339   0.0   4   1   0   0.0   2.1787524912276695   4.001987814095299   0.7381127094102   10.448669055125   0.0   2.0208492940488334   6.201143247297474   40.28306366620389   2.417986762218143
22   0.281499478624   0.0005824926636699103   0.0   2   2   0   0.0   0.5218639314275266   1.7355789994932564   3.6150664963486   10.891463953800686   0.0   0.22218244595361247   2.1000913764498037   55.029824307275   9.7291692030983
23   0.763994397759   0.0001445602231005617   0.0   5   2   0   0.0   0.5218639314275266   1.7355789994932564   3.6150664963486   10.891463953800686   0.0   0.22218244595361247   2.1000913764498037   55.029824307275   9.7291692030983
24   0.279355286215   0.001386482363855247   0.0   3   2   0   0.0   0.5218639314275266   1.7355789994932564   3.6150664963486   10.891463953800686   0.0   0.22218244595361247   2.1000913764498037   55.029824307275   9.7291692030983
25   0.286217749758   0.0004174834454248714   0.0   1   2   0   0.0   0.5218639314275266   1.7355789994932564   3.6150664963486   10.891463953800686   0.0   0.22218244595361247   2.1000913764498037   55.029824307275   9.7291692030983
26   0.0941326923077   0.00021056391039857723   0.0   2   1   0   0.0   0.6564489325366429   0.8086981085681142   43.963008134862505   1.4771393494959   18.737585737291   1.203307631673143   3.0461253835189033   52.14757917054294   1.1759096751892222
27   0.165070221066   0.0006227832580634842   0.0   5   1   0   0.0   0.6564489325366429   0.8086981085681142   43.963008134862505   1.4771393494959   18.737585737291   1.203307631673143   3.0461253835189033   52.14757917054294   1.1759096751892222
28   0.0847298375998   0.0029422257172231963   0.0   3   1   0   0.0   0.6564489325366429   0.8086981085681142   43.963008134862505   1.4771393494959   18.737585737291   1.203307631673143   3.0461253835189033   52.14757917054294   1.1759096751892222
29   0.0892915173238   0.0006778538192446506   0.0   1   1   0   0.0   0.6564489325366429   0.8086981085681142   43.963008134862505   1.4771393494959   18.737585737291   1.203307631673143   3.0461253835189033   52.14757917054294   1.1759096751892222
30   0.0943895136556   0.001386279898556787   0.0   4   1   0   0.0   0.6564489325366429   0.8086981085681142   43.963008134862505   1.4771393494959   18.737585737291   1.203307631673143   3.0461253835189033   52.14757917054294   1.1759096751892222
31   0.124971518987   6.397903431341385e-5   0.0   2   1   0   0.0   1.0510749344370833   1.04508432203315   0.72866101943275   25.689795854658332   24.9487518439   0.32664936589143   5.087676386349001   12.729230109722   3.2005596446364004
32   0.143306892068   0.0006227832580634842   0.0   5   1   0   0.0   1.0510749344370833   1.04508432203315   0.72866101943275   25.689795854658332   24.9487518439   0.32664936589143   5.087676386349001   12.729230109722   3.2005596446364004
33   0.0911265320836   0.0005616387379285127   0.0   3   1   0   0.0   1.0510749344370833   1.04508432203315   0.72866101943275   25.689795854658332   24.9487518439   0.32664936589143   5.087676386349001   12.729230109722   3.2005596446364004
34   0.153381818182   5.567795707654686e-5   0.0   1   1   0   0.0   1.0510749344370833   1.04508432203315   0.72866101943275   25.689795854658332   24.9487518439   0.32664936589143   5.087676386349001   12.729230109722   3.2005596446364004
35   0.0974747930775   0.000538152763307133   0.0   4   1   0   0.0   1.0510749344370833   1.04508432203315   0.72866101943275   25.689795854658332   24.9487518439   0.32664936589143   5.087676386349001   12.729230109722   3.2005596446364004
36   1.49882417582   7.369736863950203e-5   0.0   2   3   0   0.0   0.9514812409047165   0.3150522200391   16.923554168488   1.6793526894764   6.292027086705   0.0   0.8495583307505767   33.94056780653105   0.0
37   1.36399634888   0.0004990769607043201   0.0   3   3   0   0.0   0.9514812409047165   0.3150522200391   16.923554168488   1.6793526894764   6.292027086705   0.0   0.8495583307505767   33.94056780653105   0.0
38   1.71256980837   0.0005177037681626558   0.0   4   3   0   0.0   0.9514812409047165   0.3150522200391   16.923554168488   1.6793526894764   6.292027086705   0.0   0.8495583307505767   33.94056780653105   0.0
39   2.21791633466   5.081878991350277e-5   0.0   2   3   0   0.0   0.2927455865407923   0.7253431380093858   60.14907987431646   1.0069628803438235   0.0   2.1533661424342   1.4333105818834704   37.225272740442506   0.0
40   7.09339473684   3.0774725365945904e-5   0.0   5   3   0   0.0   0.2927455865407923   0.7253431380093858   60.14907987431646   1.0069628803438235   0.0   2.1533661424342   1.4333105818834704   37.225272740442506   0.0
41   2.22095516413   0.00025287915777675283   0.0   3   3   0   0.0   0.2927455865407923   0.7253431380093858   60.14907987431646   1.0069628803438235   0.0   2.1533661424342   1.4333105818834704   37.225272740442506   0.0
42   2.16071370968   5.0211394018122265e-5   0.0   1   3   0   0.0   0.2927455865407923   0.7253431380093858   60.14907987431646   1.0069628803438235   0.0   2.1533661424342   1.4333105818834704   37.225272740442506   0.0
43   3.64993333333   9.71833432608818e-5   0.0   4   3   0   0.0   0.2927455865407923   0.7253431380093858   60.14907987431646   1.0069628803438235   0.0   2.1533661424342   1.4333105818834704   37.225272740442506   0.0
44   0.609644432491   0.0003763829898374568   0.0   5   2   0   0.0   2.4935190935987857   0.5680130602919167   2.636619928233329   3.748936545974367   0.0   0.0   0.8601462889672501   17.591298068874053   0.0
45   0.280101026256   0.0015190971343466586   0.0   3   2   0   0.0   2.4935190935987857   0.5680130602919167   2.636619928233329   3.748936545974367   0.0   0.0   0.8601462889672501   17.591298068874053   0.0
46   0.287999221184   0.00025996544322285883   0.0   1   2   0   0.0   2.4935190935987857   0.5680130602919167   2.636619928233329   3.748936545974367   0.0   0.0   0.8601462889672501   17.591298068874053   0.0
47   0.309926902039   0.0008143154304068054   0.0   4   2   0   0.0   2.4935190935987857   0.5680130602919167   2.636619928233329   3.748936545974367   0.0   0.0   0.8601462889672501   17.591298068874053   0.0
48   0.696807692308   1.579229327989329e-5   0.0   2   1   0   0.0   5.017751533807   19.1690923549125   34.310181969071536   29.273757079621646   103.53168987555   0.0   5.714848337557   241.42071859697873   65.3875111007
49   4.30884615385   2.6320488799822155e-6   0.0   5   1   0   0.0   5.017751533807   19.1690923549125   34.310181969071536   29.273757079621646   103.53168987555   0.0   5.714848337557   241.42071859697873   65.3875111007
50   0.672464622642   8.584528654711225e-5   0.0   3   1   0   0.0   5.017751533807   19.1690923549125   34.310181969071536   29.273757079621646   103.53168987555   0.0   5.714848337557   241.42071859697873   65.3875111007
51   0.666675675676   2.9964864172105223e-5   0.0   1   1   0   0.0   5.017751533807   19.1690923549125   34.310181969071536   29.273757079621646   103.53168987555   0.0   5.714848337557   241.42071859697873   65.3875111007
52   0.789529069767   3.482403133514931e-5   0.0   4   1   0   0.0   5.017751533807   19.1690923549125   34.310181969071536   29.273757079621646   103.53168987555   0.0   5.714848337557   241.42071859697873   65.3875111007
53   0.321768177028   0.00019213956823870172   0.0   5   1   0   0.0   2.4365064693509093   4.782292281316909   18.030609111935284   0.0   0.0   0.0   3.238556385647615   26.24790598289904   0.0
54   0.218563318777   4.6364553347379025e-5   0.0   3   1   0   0.0   2.4365064693509093   4.782292281316909   18.030609111935284   0.0   0.0   0.0   3.238556385647615   26.24790598289904   0.0
55   0.217891001267   0.00015974512048507446   0.0   4   1   0   0.0   2.4365064693509093   4.782292281316909   18.030609111935284   0.0   0.0   0.0   3.238556385647615   26.24790598289904   0.0
56   0.111650462963   8.746500893479362e-5   0.0   2   1   0   0.0   0.54618649003693   8.115592146556965   0.3660915721605286   1.5078844369065556   0.0   0.27493726930294005   4.719661813436832   68.04555756084666   0.0
57   0.163290686736   0.00043044122452632233   0.0   5   1   0   0.0   0.54618649003693   8.115592146556965   0.3660915721605286   1.5078844369065556   0.0   0.27493726930294005   4.719661813436832   68.04555756084666   0.0
58   0.0863952284492   0.0008995533210585372   0.0   3   1   0   0.0   0.54618649003693   8.115592146556965   0.3660915721605286   1.5078844369065556   0.0   0.27493726930294005   4.719661813436832   68.04555756084666   0.0
59   0.0941916666667   7.288750744566135e-5   0.0   1   1   0   0.0   0.54618649003693   8.115592146556965   0.3660915721605286   1.5078844369065556   0.0   0.27493726930294005   4.719661813436832   68.04555756084666   0.0
60   0.0973161993769   0.0005199308864457177   0.0   4   1   0   0.0   0.54618649003693   8.115592146556965   0.3660915721605286   1.5078844369065556   0.0   0.27493726930294005   4.719661813436832   68.04555756084666   0.0
61   0.531279069767   2.6118023501361986e-5   0.0   3   1   0   0.0   1.3871908620781248   0.8191239480415   0.0   5.121609318625633   31.134664121649998   0.0   0.8288155685319231   17.498815700084997   23.287333524354995
62   0.296128390597   0.00011196331004847424   0.0   4   1   0   0.0   1.3871908620781248   0.8191239480415   0.0   5.121609318625633   31.134664121649998   0.0   0.8288155685319231   17.498815700084997   23.287333524354995
63   0.148790474764   0.0013518607978185578   0.0   5   1   0   0.0   0.5218639314275266   1.7355789994932564   3.6150664963486   10.891463953800686   0.0   0.22218244595361247   2.1000913764498037   55.029824307275   9.7291692030983
64   0.0841893939394   0.0016302505832012921   0.0   3   1   0   0.0   0.5218639314275266   1.7355789994932564   3.6150664963486   10.891463953800686   0.0   0.22218244595361247   2.1000913764498037   55.029824307275   9.7291692030983
65   0.0900489179851   0.0011133566762324772   0.0   4   1   0   0.0   0.5218639314275266   1.7355789994932564   3.6150664963486   10.891463953800686   0.0   0.22218244595361247   2.1000913764498037   55.029824307275   9.7291692030983
66   1.36795108696   7.450722983334272e-5   0.0   2   3   0   0.0   2.1787524912276695   4.001987814095299   0.7381127094102   10.448669055125   0.0   2.0208492940488334   6.201143247297474   40.28306366620389   2.417986762218143
67   1.37152026049   0.0002798070424719555   0.0   3   3   0   0.0   2.1787524912276695   4.001987814095299   0.7381127094102   10.448669055125   0.0   2.0208492940488334   6.201143247297474   40.28306366620389   2.417986762218143
68   1.34501960784   4.130292088587476e-5   0.0   1   3   0   0.0   2.1787524912276695   4.001987814095299   0.7381127094102   10.448669055125   0.0   2.0208492940488334   6.201143247297474   40.28306366620389   2.417986762218143
69   19.1515714286   4.251771267663579e-6   0.0   4   3   0   0.0   2.1787524912276695   4.001987814095299   0.7381127094102   10.448669055125   0.0   2.0208492940488334   6.201143247297474   40.28306366620389   2.417986762218143
70   0.644635135135   1.4982432086052611e-5   0.0   2   1   0   0.0   5.017751533807   19.1690923549125   34.310181969071536   29.273757079621646   103.53168987555   0.0   5.714848337557   241.42071859697873   65.3875111007
71   15.8674666667   6.073958953805113e-6   0.0   5   1   0   0.0   5.017751533807   19.1690923549125   34.310181969071536   29.273757079621646   103.53168987555   0.0   5.714848337557   241.42071859697873   65.3875111007
72   0.688974276527   6.2966707821113e-5   0.0   3   1   0   0.0   5.017751533807   19.1690923549125   34.310181969071536   29.273757079621646   103.53168987555   0.0   5.714848337557   241.42071859697873   65.3875111007
73   0.651209302326   1.7412015667574655e-5   0.0   1   1   0   0.0   5.017751533807   19.1690923549125   34.310181969071536   29.273757079621646   103.53168987555   0.0   5.714848337557   241.42071859697873   65.3875111007
74   1.01054411765   2.7535280590583178e-5   0.0   4   1   0   0.0   5.017751533807   19.1690923549125   34.310181969071536   29.273757079621646   103.53168987555   0.0   5.714848337557   241.42071859697873   65.3875111007
75   2.34616595136   0.00014152324362365912   0.0   2   3   0   0.0   0.36308805377753334   1.9445402864345094   1.6656416495012962   1.0884308319143106   65.52641295667001   1.92547666399   9.784136079735   18.5581241414   0.0
76   7.60990364583   7.774667460870544e-5   0.0   5   3   0   0.0   0.36308805377753334   1.9445402864345094   1.6656416495012962   1.0884308319143106   65.52641295667001   1.92547666399   9.784136079735   18.5581241414   0.0
77   2.43047972305   0.0004093848334864646   0.0   3   3   0   0.0   0.36308805377753334   1.9445402864345094   1.6656416495012962   1.0884308319143106   65.52641295667001   1.92547666399   9.784136079735   18.5581241414   0.0
78   2.31826262626   6.013219364267062e-5   0.0   1   3   0   0.0   0.36308805377753334   1.9445402864345094   1.6656416495012962   1.0884308319143106   65.52641295667001   1.92547666399   9.784136079735   18.5581241414   0.0
79   3.64416415543   0.0002553087413582749   0.0   4   3   0   0.0   0.36308805377753334   1.9445402864345094   1.6656416495012962   1.0884308319143106   65.52641295667001   1.92547666399   9.784136079735   18.5581241414   0.0
80   3.73830434783   6.985052796875879e-5   0.0   5   2   0   0.0   2.1787524912276695   4.001987814095299   0.7381127094102   10.448669055125   0.0   2.0208492940488334   6.201143247297474   40.28306366620389   2.417986762218143
81   0.695420831583   0.0004820698756336658   0.0   3   2   0   0.0   2.1787524912276695   4.001987814095299   0.7381127094102   10.448669055125   0.0   2.0208492940488334   6.201143247297474   40.28306366620389   2.417986762218143
82   1.34751084675   0.00028932291149958355   0.0   4   2   0   0.0   2.1787524912276695   4.001987814095299   0.7381127094102   10.448669055125   0.0   2.0208492940488334   6.201143247297474   40.28306366620389   2.417986762218143
83   0.228203125   0.001256904572840738   0.0   5   1   0   0.0   0.9514812409047165   0.3150522200391   16.923554168488   1.6793526894764   6.292027086705   0.0   0.8495583307505767   33.94056780653105   0.0
84   0.0880815930512   0.002191079459935964   0.0   3   1   0   0.0   0.9514812409047165   0.3150522200391   16.923554168488   1.6793526894764   6.292027086705   0.0   0.8495583307505767   33.94056780653105   0.0
85   0.088040748163   0.0003030905517948751   0.0   1   1   0   0.0   0.9514812409047165   0.3150522200391   16.923554168488   1.6793526894764   6.292027086705   0.0   0.8495583307505767   33.94056780653105   0.0
86   0.137928425848   0.0016887630544562815   0.0   4   1   0   0.0   0.9514812409047165   0.3150522200391   16.923554168488   1.6793526894764   6.292027086705   0.0   0.8495583307505767   33.94056780653105   0.0
87   0.0986717171717   8.017625819022748e-5   0.0   2   1   0   0.0   0.54618649003693   8.115592146556965   0.3660915721605286   1.5078844369065556   0.0   0.27493726930294005   4.719661813436832   68.04555756084666   0.0
88   0.197111234705   0.00018201630331569321   0.0   5   1   0   0.0   0.54618649003693   8.115592146556965   0.3660915721605286   1.5078844369065556   0.0   0.27493726930294005   4.719661813436832   68.04555756084666   0.0
89   0.0888882773803   0.001103638341906389   0.0   3   1   0   0.0   0.54618649003693   8.115592146556965   0.3660915721605286   1.5078844369065556   0.0   0.27493726930294005   4.719661813436832   68.04555756084666   0.0
90   0.0864808333333   0.0002429583581522045   0.0   1   1   0   0.0   0.54618649003693   8.115592146556965   0.3660915721605286   1.5078844369065556   0.0   0.27493726930294005   4.719661813436832   68.04555756084666   0.0
91   0.0913519647696   0.0005976775610544231   0.0   4   1   0   0.0   0.54618649003693   8.115592146556965   0.3660915721605286   1.5078844369065556   0.0   0.27493726930294005   4.719661813436832   68.04555756084666   0.0
92   0.280475017593   0.0005754063782238044   0.0   2   2   0   0.0   0.5218639314275266   1.7355789994932564   3.6150664963486   10.891463953800686   0.0   0.22218244595361247   2.1000913764498037   55.029824307275   9.7291692030983
93   0.926728235294   0.00017209550369114485   0.0   5   2   0   0.0   0.5218639314275266   1.7355789994932564   3.6150664963486   10.891463953800686   0.0   0.22218244595361247   2.1000913764498037   55.029824307275   9.7291692030983
94   0.278306530431   0.0013672481605015308   0.0   3   2   0   0.0   0.5218639314275266   1.7355789994932564   3.6150664963486   10.891463953800686   0.0   0.22218244595361247   2.1000913764498037   55.029824307275   9.7291692030983
95   0.290709756098   0.0003320430894746795   0.0   1   2   0   0.0   0.5218639314275266   1.7355789994932564   3.6150664963486   10.891463953800686   0.0   0.22218244595361247   2.1000913764498037   55.029824307275   9.7291692030983
96   0.307040236979   0.0008201869240621503   0.0   4   2   0   0.0   0.5218639314275266   1.7355789994932564   3.6150664963486   10.891463953800686   0.0   0.22218244595361247   2.1000913764498037   55.029824307275   9.7291692030983
97   0.491011812391   0.0017482878522035717   0.0   3   2   0   0.0   1.9863950368781664   1.618868559239553   2.3078752721626   3.8054077289217005   65.67635042629999   0.2533995496942   0.29157731208851667   31.67557119059625   0.0
98   0.509364341085   0.00010447209400544794   0.0   1   2   0   0.0   1.9863950368781664   1.618868559239553   2.3078752721626   3.8054077289217005   65.67635042629999   0.2533995496942   0.29157731208851667   31.67557119059625   0.0
99   1.36376223776   0.0004921931405566743   0.0   4   2   0   0.0   1.9863950368781664   1.618868559239553   2.3078752721626   3.8054077289217005   65.67635042629999   0.2533995496942   0.29157731208851667   31.67557119059625   0.0
100   1.611625   3.401417014130863e-5   0.0   2   1   0   0.0   0.0   1.6925410211250003   15.19563414882   0.0   146.111528023625   0.0   0.0   66.1855751085043   38.31396290875
101   9.30677142857   7.086285446105965e-6   0.0   5   1   0   0.0   0.0   1.6925410211250003   15.19563414882   0.0   146.111528023625   0.0   0.0   66.1855751085043   38.31396290875
102   1.1362345079   0.00016662894063272025   0.0   4   1   0   0.0   0.0   1.6925410211250003   15.19563414882   0.0   146.111528023625   0.0   0.0   66.1855751085043   38.31396290875
103   1.06677802996   0.0004460310525077554   0.0   5   1   0   0.0   0.0   1.6925410211250003   15.19563414882   0.0   146.111528023625   0.0   0.0   66.1855751085043   38.31396290875
104   1.12843119266   8.827487012863431e-5   0.0   4   1   0   0.0   0.0   1.6925410211250003   15.19563414882   0.0   146.111528023625   0.0   0.0   66.1855751085043   38.31396290875
105   5.01588296041   0.00011763233840535901   0.0   5   3   0   0.0   0.5218639314275266   1.7355789994932564   3.6150664963486   10.891463953800686   0.0   0.22218244595361247   2.1000913764498037   55.029824307275   9.7291692030983
106   1.39500472335   0.0009001607169539177   0.0   3   3   0   0.0   0.5218639314275266   1.7355789994932564   3.6150664963486   10.891463953800686   0.0   0.22218244595361247   2.1000913764498037   55.029824307275   9.7291692030983
107   1.37167651888   0.0001233013667622438   0.0   1   3   0   0.0   0.5218639314275266   1.7355789994932564   3.6150664963486   10.891463953800686   0.0   0.22218244595361247   2.1000913764498037   55.029824307275   9.7291692030983
108   2.34348008386   0.00038630378946200516   0.0   4   3   0   0.0   0.5218639314275266   1.7355789994932564   3.6150664963486   10.891463953800686   0.0   0.22218244595361247   2.1000913764498037   55.029824307275   9.7291692030983
109   1.34759647836   0.0002759602018012123   0.0   5   2   0   0.0   2.1831628741818996   1.985133086036889   6.464932748097734   0.5675931445371428   0.0   0.0   1.09089444642425   26.442295358919544   0.0
110   1.24930357143   1.1338056713769544e-5   0.0   1   2   0   0.0   2.1831628741818996   1.985133086036889   6.464932748097734   0.5675931445371428   0.0   0.0   1.09089444642425   26.442295358919544   0.0
111   0.826526088831   0.0004695170271291352   0.0   4   2   0   0.0   2.1831628741818996   1.985133086036889   6.464932748097734   0.5675931445371428   0.0   0.0   1.09089444642425   26.442295358919544   0.0
112   0.538503201024   0.00015812539809739309   0.0   2   2   0   0.0   0.9514812409047165   0.3150522200391   16.923554168488   1.6793526894764   6.292027086705   0.0   0.8495583307505767   33.94056780653105   0.0
113   0.436925006708   0.0015091763347221104   0.0   3   2   0   0.0   0.9514812409047165   0.3150522200391   16.923554168488   1.6793526894764   6.292027086705   0.0   0.8495583307505767   33.94056780653105   0.0
114   0.640434678194   0.0008430655027881496   0.0   4   2   0   0.0   0.9514812409047165   0.3150522200391   16.923554168488   1.6793526894764   6.292027086705   0.0   0.8495583307505767   33.94056780653105   0.0
115   2.47195   8.098611938406817e-6   0.0   2   3   0   0.0   7.028420408942333   3.948809345782955   3.891026022160353   3.7984104324335006   21.684183288895003   1.6389870310458998   1.0969777820708333   47.54946414341938   63.36489594951555
116   20.0139473684   3.846840670743238e-6   0.0   5   3   0   0.0   7.028420408942333   3.948809345782955   3.891026022160353   3.7984104324335006   21.684183288895003   1.6389870310458998   1.0969777820708333   47.54946414341938   63.36489594951555
117   1.83361143984   0.0001026499063193064   0.0   3   3   0   0.0   7.028420408942333   3.948809345782955   3.891026022160353   3.7984104324335006   21.684183288895003   1.6389870310458998   1.0969777820708333   47.54946414341938   63.36489594951555
118   1.87137142857   7.086285446105965e-6   0.0   1   3   0   0.0   7.028420408942333   3.948809345782955   3.891026022160353   3.7984104324335006   21.684183288895003   1.6389870310458998   1.0969777820708333   47.54946414341938   63.36489594951555
119   3.29688802083   7.774667460870544e-5   0.0   4   3   0   0.0   7.028420408942333   3.948809345782955   3.891026022160353   3.7984104324335006   21.684183288895003   1.6389870310458998   1.0969777820708333   47.54946414341938   63.36489594951555
120   2.35670869565   4.6567018645839196e-5   0.0   2   4   0   0.0   1.9863950368781664   1.618868559239553   2.3078752721626   3.8054077289217005   65.67635042629999   0.2533995496942   0.29157731208851667   31.67557119059625   0.0
121   1.80513440244   0.0005302566166671863   0.0   3   4   0   0.0   1.9863950368781664   1.618868559239553   2.3078752721626   3.8054077289217005   65.67635042629999   0.2533995496942   0.29157731208851667   31.67557119059625   0.0
122   1.96026519337   3.6646219021290844e-5   0.0   1   4   0   0.0   1.9863950368781664   1.618868559239553   2.3078752721626   3.8054077289217005   65.67635042629999   0.2533995496942   0.29157731208851667   31.67557119059625   0.0
123   1.98214324406   0.0006727921867831463   0.0   4   4   0   0.0   1.9863950368781664   1.618868559239553   2.3078752721626   3.8054077289217005   65.67635042629999   0.2533995496942   0.29157731208851667   31.67557119059625   0.0
124   1.35818082937   0.0002978264540349107   0.0   3   3   0   0.0   0.54618649003693   8.115592146556965   0.3660915721605286   1.5078844369065556   0.0   0.27493726930294005   4.719661813436832   68.04555756084666   0.0
125   1.35271235955   9.009705781477584e-5   0.0   1   3   0   0.0   0.54618649003693   8.115592146556965   0.3660915721605286   1.5078844369065556   0.0   0.27493726930294005   4.719661813436832   68.04555756084666   0.0
126   2.2274291498   0.0001500267861589863   0.0   4   3   0   0.0   0.54618649003693   8.115592146556965   0.3660915721605286   1.5078844369065556   0.0   0.27493726930294005   4.719661813436832   68.04555756084666   0.0
127   0.608677647059   8.604775184557242e-5   0.0   2   1   0   0.0   2.1787524912276695   4.001987814095299   0.7381127094102   10.448669055125   0.0   2.0208492940488334   6.201143247297474   40.28306366620389   2.417986762218143
128   1.29627932961   0.00018120644212185253   0.0   5   1   0   0.0   2.1787524912276695   4.001987814095299   0.7381127094102   10.448669055125   0.0   2.0208492940488334   6.201143247297474   40.28306366620389   2.417986762218143
129   0.256580551242   0.001043101217666798   0.0   3   1   0   0.0   2.1787524912276695   4.001987814095299   0.7381127094102   10.448669055125   0.0   2.0208492940488334   6.201143247297474   40.28306366620389   2.417986762218143
130   0.212150064683   0.00015650567570971174   0.0   1   1   0   0.0   2.1787524912276695   4.001987814095299   0.7381127094102   10.448669055125   0.0   2.0208492940488334   6.201143247297474   40.28306366620389   2.417986762218143
131   0.441353215513   0.0008248436259267343   0.0   4   1   0   0.0   2.1787524912276695   4.001987814095299   0.7381127094102   10.448669055125   0.0   2.0208492940488334   6.201143247297474   40.28306366620389   2.417986762218143
132   0.306360298693   0.0003253617346254939   0.0   3   1   0   0.0   7.028420408942333   3.948809345782955   3.891026022160353   3.7984104324335006   21.684183288895003   1.6389870310458998   1.0969777820708333   47.54946414341938   63.36489594951555
133   0.398261800873   0.0005104150174180896   0.0   4   1   0   0.0   7.028420408942333   3.948809345782955   3.891026022160353   3.7984104324335006   21.684183288895003   1.6389870310458998   1.0969777820708333   47.54946414341938   63.36489594951555
134   0.335433862434   0.0008418507109973886   0.0   2   2   0   0.0   0.54618649003693   8.115592146556965   0.3660915721605286   1.5078844369065556   0.0   0.27493726930294005   4.719661813436832   68.04555756084666   0.0
135   0.348413825276   0.002387065868845409   0.0   3   2   0   0.0   0.54618649003693   8.115592146556965   0.3660915721605286   1.5078844369065556   0.0   0.27493726930294005   4.719661813436832   68.04555756084666   0.0
136   0.32557523598   0.00036464000252676694   0.0   1   2   0   0.0   0.54618649003693   8.115592146556965   0.3660915721605286   1.5078844369065556   0.0   0.27493726930294005   4.719661813436832   68.04555756084666   0.0
137   0.82119888164   0.0010862263262388142   0.0   4   2   0   0.0   0.54618649003693   8.115592146556965   0.3660915721605286   1.5078844369065556   0.0   0.27493726930294005   4.719661813436832   68.04555756084666   0.0
138   13.8985703704   2.7332815292123006e-5   0.0   2   4   0   0.0   2.4935190935987857   0.5680130602919167   2.636619928233329   3.748936545974367   0.0   0.0   0.8601462889672501   17.591298068874053   0.0
139   22.3185814696   0.0001901149152541   0.0   5   4   0   0.0   2.4935190935987857   0.5680130602919167   2.636619928233329   3.748936545974367   0.0   0.0   0.8601462889672501   17.591298068874053   0.0
140   13.5822167832   0.00034743045215765244   0.0   3   4   0   0.0   2.4935190935987857   0.5680130602919167   2.636619928233329   3.748936545974367   0.0   0.0   0.8601462889672501   17.591298068874053   0.0
141   10.3602706767   2.6927884695202667e-5   0.0   1   4   0   0.0   2.4935190935987857   0.5680130602919167   2.636619928233329   3.748936545974367   0.0   0.0   0.8601462889672501   17.591298068874053   0.0
142   16.9467874916   0.00030106589881027343   0.0   4   4   0   0.0   2.4935190935987857   0.5680130602919167   2.636619928233329   3.748936545974367   0.0   0.0   0.8601462889672501   17.591298068874053   0.0
143   23.6096460905   4.919906752582141e-5   0.0   5   4   0   0.0   2.72728525641   7.94834602862   16.164233217148332   7.575539984230583   0.0   0.0   4.150851575878501   4.214959138328   0.0
144   15.6018762887   1.9639133950636532e-5   0.0   3   4   0   0.0   2.72728525641   7.94834602862   16.164233217148332   7.575539984230583   0.0   0.0   4.150851575878501   4.214959138328   0.0
145   15.4579957219   0.00018930505406025935   0.0   4   4   0   0.0   2.72728525641   7.94834602862   16.164233217148332   7.575539984230583   0.0   0.0   4.150851575878501   4.214959138328   0.0
146   0.231090990991   0.001573155369035524   0.0   2   1   0   0.0   0.8720846149608   0.5546295116328653   5.6512219997225674   24.214373592702   0.0   0.2128982353362   2.4756050778918803   19.889744068634442   9.686351226301666
147   1.96358561426   0.0003180729838809277   0.0   5   1   0   0.0   0.8720846149608   0.5546295116328653   5.6512219997225674   24.214373592702   0.0   0.2128982353362   2.4756050778918803   19.889744068634442   9.686351226301666
148   0.248490818149   0.002833501851950085   0.0   3   1   0   0.0   0.8720846149608   0.5546295116328653   5.6512219997225674   24.214373592702   0.0   0.2128982353362   2.4756050778918803   19.889744068634442   9.686351226301666
149   0.206467041016   0.0008292978624928581   0.0   1   1   0   0.0   0.8720846149608   0.5546295116328653   5.6512219997225674   24.214373592702   0.0   0.2128982353362   2.4756050778918803   19.889744068634442   9.686351226301666
150   0.419735862656   0.003089822919800661   0.0   4   1   0   0.0   0.8720846149608   0.5546295116328653   5.6512219997225674   24.214373592702   0.0   0.2128982353362   2.4756050778918803   19.889744068634442   9.686351226301666
151   0.370486912752   0.0006033465894113079   0.0   2   1   0   0.0   2.1831628741818996   1.985133086036889   6.464932748097734   0.5675931445371428   0.0   0.0   1.09089444642425   26.442295358919544   0.0
152   0.347678079389   0.0014842731030115094   0.0   3   1   0   0.0   2.1831628741818996   1.985133086036889   6.464932748097734   0.5675931445371428   0.0   0.0   1.09089444642425   26.442295358919544   0.0
153   0.343972286374   0.0001753349484665076   0.0   1   1   0   0.0   2.1831628741818996   1.985133086036889   6.464932748097734   0.5675931445371428   0.0   0.0   1.09089444642425   26.442295358919544   0.0
154   0.188005850313   0.0010036204844670648   0.0   2   1   0   0.0   7.182455786841429   1.063965298998404   2.1318455817188666   3.448211328412556   11.85631698727375   0.0   0.7444022876269952   65.48950163230563   23.290944655831108
155   1.37600437637   0.00018505328279259576   0.0   5   1   0   0.0   7.182455786841429   1.063965298998404   2.1318455817188666   3.448211328412556   11.85631698727375   0.0   0.7444022876269952   65.48950163230563   23.290944655831108
156   0.198229710318   0.0016913951033362636   0.0   3   1   0   0.0   7.182455786841429   1.063965298998404   2.1318455817188666   3.448211328412556   11.85631698727375   0.0   0.7444022876269952   65.48950163230563   23.290944655831108
157   0.182064467005   0.0003988566379665357   0.0   1   1   0   0.0   7.182455786841429   1.063965298998404   2.1318455817188666   3.448211328412556   11.85631698727375   0.0   0.7444022876269952   65.48950163230563   23.290944655831108
158   0.295481504411   0.001308128293351161   0.0   4   1   0   0.0   7.182455786841429   1.063965298998404   2.1318455817188666   3.448211328412556   11.85631698727375   0.0   0.7444022876269952   65.48950163230563   23.290944655831108
159   2.71314832536   4.231524737817562e-5   0.0   2   3   0   0.0   0.2927455865407923   0.7253431380093858   60.14907987431646   1.0069628803438235   0.0   2.1533661424342   1.4333105818834704   37.225272740442506   0.0
160   2.37068940427   0.00044522119131391473   0.0   3   3   0   0.0   0.2927455865407923   0.7253431380093858   60.14907987431646   1.0069628803438235   0.0   2.1533661424342   1.4333105818834704   37.225272740442506   0.0
161   2.30933714286   3.543142723052982e-5   0.0   1   3   0   0.0   0.2927455865407923   0.7253431380093858   60.14907987431646   1.0069628803438235   0.0   2.1533661424342   1.4333105818834704   37.225272740442506   0.0
162   3.67517615894   0.0003057226006748573   0.0   4   3   0   0.0   0.2927455865407923   0.7253431380093858   60.14907987431646   1.0069628803438235   0.0   2.1533661424342   1.4333105818834704   37.225272740442506   0.0
163   1.22853497942   4.919906752582141e-5   0.0   2   2   0   0.0   0.82760876396925   0.5336232383752727   3.6575267047514615   5.664943757558739   99.26672099218572   0.0   24.825431642070434   19.771832397154732   0.0
164   1.84940331492   0.0004031084092341993   0.0   5   2   0   0.0   0.82760876396925   0.5336232383752727   3.6575267047514615   5.664943757558739   99.26672099218572   0.0   24.825431642070434   19.771832397154732   0.0
165   1.11963029433   0.0002820341607550174   0.0   3   2   0   0.0   0.82760876396925   0.5336232383752727   3.6575267047514615   5.664943757558739   99.26672099218572   0.0   24.825431642070434   19.771832397154732   0.0
166   1.51494526694   0.00045129515026771987   0.0   4   2   0   0.0   0.82760876396925   0.5336232383752727   3.6575267047514615   5.664943757558739   99.26672099218572   0.0   24.825431642070434   19.771832397154732   0.0
167   0.253470588235   1.7209550369114487e-5   0.0   2   1   1   0.0   0.2927455865407923   0.7253431380093858   60.14907987431646   1.0069628803438235   0.0   2.1533661424342   1.4333105818834704   37.225272740442506   0.0
168   1.09011805556   2.915500297826454e-5   0.0   5   1   1   0.0   0.2927455865407923   0.7253431380093858   60.14907987431646   1.0069628803438235   0.0   2.1533661424342   1.4333105818834704   37.225272740442506   0.0
169   0.221801730921   0.0002573333943428766   0.0   3   1   1   0.0   0.2927455865407923   0.7253431380093858   60.14907987431646   1.0069628803438235   0.0   2.1533661424342   1.4333105818834704   37.225272740442506   0.0
170   0.4081747851   7.066038916259948e-5   0.0   4   1   1   0.0   0.2927455865407923   0.7253431380093858   60.14907987431646   1.0069628803438235   0.0   2.1533661424342   1.4333105818834704   37.225272740442506   0.0
171   1.02570175439   1.1540522012229713e-5   0.0   2   1   1   0.0   2.72728525641   7.94834602862   16.164233217148332   7.575539984230583   0.0   0.0   4.150851575878501   4.214959138328   0.0
172   37.639   2.0246529846017042e-6   0.0   5   1   1   0.0   2.72728525641   7.94834602862   16.164233217148332   7.575539984230583   0.0   0.0   4.150851575878501   4.214959138328   0.0
173   1.11863606557   6.175191603035198e-5   0.0   3   1   1   0.0   2.72728525641   7.94834602862   16.164233217148332   7.575539984230583   0.0   0.0   4.150851575878501   4.214959138328   0.0
174   1.25277419355   1.2552848504530566e-5   0.0   1   1   1   0.0   2.72728525641   7.94834602862   16.164233217148332   7.575539984230583   0.0   0.0   4.150851575878501   4.214959138328   0.0
175   4.69112903226   6.276424252265283e-6   0.0   2   3   1   0.0   2.4365064693509093   4.782292281316909   18.030609111935284   0.0   0.0   0.0   3.238556385647615   26.24790598289904   0.0
176   46.1755555556   1.8221876861415338e-6   0.0   5   3   1   0.0   2.4365064693509093   4.782292281316909   18.030609111935284   0.0   0.0   0.0   3.238556385647615   26.24790598289904   0.0
177   5.14780645161   6.276424252265283e-6   0.0   1   3   1   0.0   2.4365064693509093   4.782292281316909   18.030609111935284   0.0   0.0   0.0   3.238556385647615   26.24790598289904   0.0
178   9.52159322034   1.1945452609150054e-5   0.0   4   3   1   0.0   2.4365064693509093   4.782292281316909   18.030609111935284   0.0   0.0   0.0   3.238556385647615   26.24790598289904   0.0
179   8.04316666667   1.2147917907610225e-6   0.0   2   3   1   0.0   2.1831628741818996   1.985133086036889   6.464932748097734   0.5675931445371428   0.0   0.0   1.09089444642425   26.442295358919544   0.0
180   22.3343461538   1.0528195519928862e-5   0.0   5   3   1   0.0   2.1831628741818996   1.985133086036889   6.464932748097734   0.5675931445371428   0.0   0.0   1.09089444642425   26.442295358919544   0.0
181   7.1145   8.098611938406817e-7   0.0   1   3   1   0.0   2.1831628741818996   1.985133086036889   6.464932748097734   0.5675931445371428   0.0   0.0   1.09089444642425   26.442295358919544   0.0
182   12.2557083333   9.71833432608818e-6   0.0   4   3   1   0.0   2.1831628741818996   1.985133086036889   6.464932748097734   0.5675931445371428   0.0   0.0   1.09089444642425   26.442295358919544   0.0
183   4.21796153846   2.6320488799822153e-5   0.0   2   1   1   0.0   2.1787524912276695   4.001987814095299   0.7381127094102   10.448669055125   0.0   2.0208492940488334   6.201143247297474   40.28306366620389   2.417986762218143
184   1.47001685393   3.603882312591034e-5   0.0   5   1   1   0.0   2.1787524912276695   4.001987814095299   0.7381127094102   10.448669055125   0.0   2.0208492940488334   6.201143247297474   40.28306366620389   2.417986762218143
185   0.330757575758   6.681354849185624e-6   0.0   1   1   1   0.0   2.1787524912276695   4.001987814095299   0.7381127094102   10.448669055125   0.0   2.0208492940488334   6.201143247297474   40.28306366620389   2.417986762218143
186   0.692936842105   3.846840670743238e-5   0.0   4   1   1   0.0   2.1787524912276695   4.001987814095299   0.7381127094102   10.448669055125   0.0   2.0208492940488334   6.201143247297474   40.28306366620389   2.417986762218143
187   3.69204724409   2.5713092904441643e-5   0.0   5   2   1   0.0   0.5218639314275266   1.7355789994932564   3.6150664963486   10.891463953800686   0.0   0.22218244595361247   2.1000913764498037   55.029824307275   9.7291692030983
188   0.775021164021   0.00019132970704486104   0.0   3   2   1   0.0   0.5218639314275266   1.7355789994932564   3.6150664963486   10.891463953800686   0.0   0.22218244595361247   2.1000913764498037   55.029824307275   9.7291692030983
189   0.751690537084   7.916393169792663e-5   0.0   1   2   1   0.0   0.5218639314275266   1.7355789994932564   3.6150664963486   10.891463953800686   0.0   0.22218244595361247   2.1000913764498037   55.029824307275   9.7291692030983
190   0.263468852459   6.175191603035198e-5   0.0   2   1   1   0.0   0.6564489325366429   0.8086981085681142   43.963008134862505   1.4771393494959   18.737585737291   1.203307631673143   3.0461253835189033   52.14757917054294   1.1759096751892222
191   0.855443965517   0.0001409158477282786   0.0   5   1   1   0.0   0.6564489325366429   0.8086981085681142   43.963008134862505   1.4771393494959   18.737585737291   1.203307631673143   3.0461253835189033   52.14757917054294   1.1759096751892222
192   0.226765309201   0.0006711724643954649   0.0   3   1   1   0.0   0.6564489325366429   0.8086981085681142   43.963008134862505   1.4771393494959   18.737585737291   1.203307631673143   3.0461253835189033   52.14757917054294   1.1759096751892222
193   0.223841284404   0.00022068717532158576   0.0   1   1   1   0.0   0.6564489325366429   0.8086981085681142   43.963008134862505   1.4771393494959   18.737585737291   1.203307631673143   3.0461253835189033   52.14757917054294   1.1759096751892222
194   0.300537815126   4.818674103352056e-5   0.0   2   1   1   0.0   1.0510749344370833   1.04508432203315   0.72866101943275   25.689795854658332   24.9487518439   0.32664936589143   5.087676386349001   12.729230109722   3.2005596446364004
195   0.666044090056   0.00021582800815854165   0.0   5   1   1   0.0   1.0510749344370833   1.04508432203315   0.72866101943275   25.689795854658332   24.9487518439   0.32664936589143   5.087676386349001   12.729230109722   3.2005596446364004
196   0.241718550107   0.00037982489991127973   0.0   3   1   1   0.0   1.0510749344370833   1.04508432203315   0.72866101943275   25.689795854658332   24.9487518439   0.32664936589143   5.087676386349001   12.729230109722   3.2005596446364004
197   0.327768844221   4.0290594393573914e-5   0.0   1   1   1   0.0   1.0510749344370833   1.04508432203315   0.72866101943275   25.689795854658332   24.9487518439   0.32664936589143   5.087676386349001   12.729230109722   3.2005596446364004
198   0.347153061224   0.0002380991909891604   0.0   4   1   1   0.0   1.0510749344370833   1.04508432203315   0.72866101943275   25.689795854658332   24.9487518439   0.32664936589143   5.087676386349001   12.729230109722   3.2005596446364004
199   4.44773529412   6.883820147645794e-6   0.0   2   3   1   0.0   0.9514812409047165   0.3150522200391   16.923554168488   1.6793526894764   6.292027086705   0.0   0.8495583307505767   33.94056780653105   0.0
200   4.25681395349   6.0942054836511295e-5   0.0   3   3   1   0.0   0.9514812409047165   0.3150522200391   16.923554168488   1.6793526894764   6.292027086705   0.0   0.8495583307505767   33.94056780653105   0.0
201   7.27669230769   3.6848684319751015e-5   0.0   4   3   1   0.0   0.9514812409047165   0.3150522200391   16.923554168488   1.6793526894764   6.292027086705   0.0   0.8495583307505767   33.94056780653105   0.0
202   6.10353488372   8.706007833787327e-6   0.0   2   3   1   0.0   0.2927455865407923   0.7253431380093858   60.14907987431646   1.0069628803438235   0.0   2.1533661424342   1.4333105818834704   37.225272740442506   0.0
203   42.8311304348   4.65670186458392e-6   0.0   5   3   1   0.0   0.2927455865407923   0.7253431380093858   60.14907987431646   1.0069628803438235   0.0   2.1533661424342   1.4333105818834704   37.225272740442506   0.0
204   6.8158625   3.239444775362727e-5   0.0   3   3   1   0.0   0.2927455865407923   0.7253431380093858   60.14907987431646   1.0069628803438235   0.0   2.1533661424342   1.4333105818834704   37.225272740442506   0.0
205   6.30805405405   7.491216043026306e-6   0.0   1   3   1   0.0   0.2927455865407923   0.7253431380093858   60.14907987431646   1.0069628803438235   0.0   2.1533661424342   1.4333105818834704   37.225272740442506   0.0
206   13.9476582278   1.5994758578353463e-5   0.0   4   3   1   0.0   0.2927455865407923   0.7253431380093858   60.14907987431646   1.0069628803438235   0.0   2.1533661424342   1.4333105818834704   37.225272740442506   0.0
207   0.782237877402   0.00022129457121696628   0.0   3   2   1   0.0   2.4935190935987857   0.5680130602919167   2.636619928233329   3.748936545974367   0.0   0.0   0.8601462889672501   17.591298068874053   0.0
208   0.763181372549   4.130292088587476e-5   0.0   1   2   1   0.0   2.4935190935987857   0.5680130602919167   2.636619928233329   3.748936545974367   0.0   0.0   0.8601462889672501   17.591298068874053   0.0
209   1.38991519435   0.00011459535892845645   0.0   4   2   1   0.0   2.4935190935987857   0.5680130602919167   2.636619928233329   3.748936545974367   0.0   0.0   0.8601462889672501   17.591298068874053   0.0
210   1.52713043478   4.65670186458392e-6   0.0   2   1   1   0.0   5.017751533807   19.1690923549125   34.310181969071536   29.273757079621646   103.53168987555   0.0   5.714848337557   241.42071859697873   65.3875111007
211   21.5264   1.0123264923008521e-6   0.0   5   1   1   0.0   5.017751533807   19.1690923549125   34.310181969071536   29.273757079621646   103.53168987555   0.0   5.714848337557   241.42071859697873   65.3875111007
212   1.4723559322   2.389090521830011e-5   0.0   3   1   1   0.0   5.017751533807   19.1690923549125   34.310181969071536   29.273757079621646   103.53168987555   0.0   5.714848337557   241.42071859697873   65.3875111007
213   1.3450212766   9.515869027628009e-6   0.0   1   1   1   0.0   5.017751533807   19.1690923549125   34.310181969071536   29.273757079621646   103.53168987555   0.0   5.714848337557   241.42071859697873   65.3875111007
214   2.12517460317   1.2755313802990736e-5   0.0   4   1   1   0.0   5.017751533807   19.1690923549125   34.310181969071536   29.273757079621646   103.53168987555   0.0   5.714848337557   241.42071859697873   65.3875111007
215   1.0595620915   6.195438132881215e-5   0.0   5   1   1   0.0   2.4365064693509093   4.782292281316909   18.030609111935284   0.0   0.0   0.0   3.238556385647615   26.24790598289904   0.0
216   0.492800995025   4.0695524990494256e-5   0.0   3   1   1   0.0   2.4365064693509093   4.782292281316909   18.030609111935284   0.0   0.0   0.0   3.238556385647615   26.24790598289904   0.0
217   0.304764   5.061632461504261e-5   0.0   2   1   1   0.0   0.54618649003693   8.115592146556965   0.3660915721605286   1.5078844369065556   0.0   0.27493726930294005   4.719661813436832   68.04555756084666   0.0
218   0.230003126954   0.0003237420122378125   0.0   3   1   1   0.0   0.54618649003693   8.115592146556965   0.3660915721605286   1.5078844369065556   0.0   0.27493726930294005   4.719661813436832   68.04555756084666   0.0
219   0.433348659004   0.00015853032869431343   0.0   4   1   1   0.0   0.54618649003693   8.115592146556965   0.3660915721605286   1.5078844369065556   0.0   0.27493726930294005   4.719661813436832   68.04555756084666   0.0
220   2.03429230769   1.3160244399911077e-5   0.0   3   1   1   0.0   1.3871908620781248   0.8191239480415   0.0   5.121609318625633   31.134664121649998   0.0   0.8288155685319231   17.498815700084997   23.287333524354995
221   1.03091627907   4.353003916893664e-5   0.0   4   1   1   0.0   1.3871908620781248   0.8191239480415   0.0   5.121609318625633   31.134664121649998   0.0   0.8288155685319231   17.498815700084997   23.287333524354995
222   0.22010787452   0.0006325015923895723   0.0   3   1   1   0.0   0.5218639314275266   1.7355789994932564   3.6150664963486   10.891463953800686   0.0   0.22218244595361247   2.1000913764498037   55.029824307275   9.7291692030983
223   0.327949814126   0.0003267789917147151   0.0   4   1   1   0.0   0.5218639314275266   1.7355789994932564   3.6150664963486   10.891463953800686   0.0   0.22218244595361247   2.1000913764498037   55.029824307275   9.7291692030983
224   4.16797916667   9.71833432608818e-6   0.0   2   3   1   0.0   2.1787524912276695   4.001987814095299   0.7381127094102   10.448669055125   0.0   2.0208492940488334   6.201143247297474   40.28306366620389   2.417986762218143
225   4.7547124183   3.0977190664406076e-5   0.0   3   3   1   0.0   2.1787524912276695   4.001987814095299   0.7381127094102   10.448669055125   0.0   2.0208492940488334   6.201143247297474   40.28306366620389   2.417986762218143
226   3.8898974359   7.896146639946646e-6   0.0   1   3   1   0.0   2.1787524912276695   4.001987814095299   0.7381127094102   10.448669055125   0.0   2.0208492940488334   6.201143247297474   40.28306366620389   2.417986762218143
227   1109.2   1.2147917907610225e-6   0.0   4   3   1   0.0   2.1787524912276695   4.001987814095299   0.7381127094102   10.448669055125   0.0   2.0208492940488334   6.201143247297474   40.28306366620389   2.417986762218143
228   1.92136538462   1.0528195519928862e-5   0.0   2   1   1   0.0   5.017751533807   19.1690923549125   34.310181969071536   29.273757079621646   103.53168987555   0.0   5.714848337557   241.42071859697873   65.3875111007
229   27.7033333333   6.073958953805113e-7   0.0   5   1   1   0.0   5.017751533807   19.1690923549125   34.310181969071536   29.273757079621646   103.53168987555   0.0   5.714848337557   241.42071859697873   65.3875111007
230   1.47123308271   2.6927884695202667e-5   0.0   3   1   1   0.0   5.017751533807   19.1690923549125   34.310181969071536   29.273757079621646   103.53168987555   0.0   5.714848337557   241.42071859697873   65.3875111007
231   1.38063793103   1.1742987310689885e-5   0.0   1   1   1   0.0   5.017751533807   19.1690923549125   34.310181969071536   29.273757079621646   103.53168987555   0.0   5.714848337557   241.42071859697873   65.3875111007
232   2.47325   1.2147917907610225e-5   0.0   4   1   1   0.0   5.017751533807   19.1690923549125   34.310181969071536   29.273757079621646   103.53168987555   0.0   5.714848337557   241.42071859697873   65.3875111007
233   5.92577333333   3.0369794769025562e-5   0.0   2   3   1   0.0   0.36308805377753334   1.9445402864345094   1.6656416495012962   1.0884308319143106   65.52641295667001   1.92547666399   9.784136079735   18.5581241414   0.0
234   40.1445306122   9.92079962454835e-6   0.0   5   3   1   0.0   0.36308805377753334   1.9445402864345094   1.6656416495012962   1.0884308319143106   65.52641295667001   1.92547666399   9.784136079735   18.5581241414   0.0
235   6.89387218045   5.3855769390405334e-5   0.0   3   3   1   0.0   0.36308805377753334   1.9445402864345094   1.6656416495012962   1.0884308319143106   65.52641295667001   1.92547666399   9.784136079735   18.5581241414   0.0
236   5.61397014925   1.3565174996831418e-5   0.0   1   3   1   0.0   0.36308805377753334   1.9445402864345094   1.6656416495012962   1.0884308319143106   65.52641295667001   1.92547666399   9.784136079735   18.5581241414   0.0
237   12.7622236025   3.259691305208744e-5   0.0   4   3   1   0.0   0.36308805377753334   1.9445402864345094   1.6656416495012962   1.0884308319143106   65.52641295667001   1.92547666399   9.784136079735   18.5581241414   0.0
238   20.5796052632   1.5387362682972952e-5   0.0   5   2   1   0.0   2.1787524912276695   4.001987814095299   0.7381127094102   10.448669055125   0.0   2.0208492940488334   6.201143247297474   40.28306366620389   2.417986762218143
239   3.18113283208   8.0783654085608e-5   0.0   3   2   1   0.0   2.1787524912276695   4.001987814095299   0.7381127094102   10.448669055125   0.0   2.0208492940488334   6.201143247297474   40.28306366620389   2.417986762218143
240   6.96224761905   4.251771267663579e-5   0.0   4   2   1   0.0   2.1787524912276695   4.001987814095299   0.7381127094102   10.448669055125   0.0   2.0208492940488334   6.201143247297474   40.28306366620389   2.417986762218143
241   1.29867132867   0.00026057283911823934   0.0   5   1   1   0.0   0.9514812409047165   0.3150522200391   16.923554168488   1.6793526894764   6.292027086705   0.0   0.8495583307505767   33.94056780653105   0.0
242   0.321510751389   0.0008380038703266453   0.0   3   1   1   0.0   0.9514812409047165   0.3150522200391   16.923554168488   1.6793526894764   6.292027086705   0.0   0.8495583307505767   33.94056780653105   0.0
243   0.357667101828   0.00015508841862049054   0.0   1   1   1   0.0   0.9514812409047165   0.3150522200391   16.923554168488   1.6793526894764   6.292027086705   0.0   0.8495583307505767   33.94056780653105   0.0
244   0.750189822294   0.000501304078987382   0.0   4   1   1   0.0   0.9514812409047165   0.3150522200391   16.923554168488   1.6793526894764   6.292027086705   0.0   0.8495583307505767   33.94056780653105   0.0
245   0.479284552846   2.490323171060096e-5   0.0   2   1   1   0.0   0.54618649003693   8.115592146556965   0.3660915721605286   1.5078844369065556   0.0   0.27493726930294005   4.719661813436832   68.04555756084666   0.0
246   1.29995924765   6.458643020879436e-5   0.0   5   1   1   0.0   0.54618649003693   8.115592146556965   0.3660915721605286   1.5078844369065556   0.0   0.27493726930294005   4.719661813436832   68.04555756084666   0.0
247   0.257761391626   0.0006576072893986335   0.0   3   1   1   0.0   0.54618649003693   8.115592146556965   0.3660915721605286   1.5078844369065556   0.0   0.27493726930294005   4.719661813436832   68.04555756084666   0.0
248   0.501413957177   0.0002553087413582749   0.0   4   1   1   0.0   0.54618649003693   8.115592146556965   0.3660915721605286   1.5078844369065556   0.0   0.27493726930294005   4.719661813436832   68.04555756084666   0.0
249   5.65016233766   3.117965596286625e-5   0.0   5   2   1   0.0   0.5218639314275266   1.7355789994932564   3.6150664963486   10.891463953800686   0.0   0.22218244595361247   2.1000913764498037   55.029824307275   9.7291692030983
250   0.777178301093   0.00024073123986914264   0.0   3   2   1   0.0   0.5218639314275266   1.7355789994932564   3.6150664963486   10.891463953800686   0.0   0.22218244595361247   2.1000913764498037   55.029824307275   9.7291692030983
251   0.782033846154   6.580122199955539e-5   0.0   1   2   1   0.0   0.5218639314275266   1.7355789994932564   3.6150664963486   10.891463953800686   0.0   0.22218244595361247   2.1000913764498037   55.029824307275   9.7291692030983
252   1.27313543307   0.00012856546452220821   0.0   4   2   1   0.0   0.5218639314275266   1.7355789994932564   3.6150664963486   10.891463953800686   0.0   0.22218244595361247   2.1000913764498037   55.029824307275   9.7291692030983
253   1.48619657648   0.00036666465551136865   0.0   3   2   1   0.0   1.9863950368781664   1.618868559239553   2.3078752721626   3.8054077289217005   65.67635042629999   0.2533995496942   0.29157731208851667   31.67557119059625   0.0
254   1.57343255814   4.353003916893664e-5   0.0   1   2   1   0.0   1.9863950368781664   1.618868559239553   2.3078752721626   3.8054077289217005   65.67635042629999   0.2533995496942   0.29157731208851667   31.67557119059625   0.0
255   2.21723611111   1.457750148913227e-5   0.0   2   1   1   0.0   0.0   1.6925410211250003   15.19563414882   0.0   146.111528023625   0.0   0.0   66.1855751085043   38.31396290875
256   46.8177142857   1.417257089221193e-6   0.0   5   1   1   0.0   0.0   1.6925410211250003   15.19563414882   0.0   146.111528023625   0.0   0.0   66.1855751085043   38.31396290875
257   3.24994071146   5.1223720510423115e-5   0.0   4   1   1   0.0   0.0   1.6925410211250003   15.19563414882   0.0   146.111528023625   0.0   0.0   66.1855751085043   38.31396290875
258   2.63263006536   0.00015488595332203037   0.0   5   1   1   0.0   0.0   1.6925410211250003   15.19563414882   0.0   146.111528023625   0.0   0.0   66.1855751085043   38.31396290875
259   3.84214689266   3.5836357827450166e-5   0.0   4   1   1   0.0   0.0   1.6925410211250003   15.19563414882   0.0   146.111528023625   0.0   0.0   66.1855751085043   38.31396290875
260   22.8472   1.6197223876813634e-5   0.0   5   3   1   0.0   0.5218639314275266   1.7355789994932564   3.6150664963486   10.891463953800686   0.0   0.22218244595361247   2.1000913764498037   55.029824307275   9.7291692030983
261   3.72216853933   1.801941156295517e-5   0.0   1   3   1   0.0   0.5218639314275266   1.7355789994932564   3.6150664963486   10.891463953800686   0.0   0.22218244595361247   2.1000913764498037   55.029824307275   9.7291692030983
262   10.5459794239   4.919906752582141e-5   0.0   4   3   1   0.0   0.5218639314275266   1.7355789994932564   3.6150664963486   10.891463953800686   0.0   0.22218244595361247   2.1000913764498037   55.029824307275   9.7291692030983
263   5.17160550459   6.620615259647572e-5   0.0   5   2   1   0.0   2.1831628741818996   1.985133086036889   6.464932748097734   0.5675931445371428   0.0   0.0   1.09089444642425   26.442295358919544   0.0
264   2.74184210526   3.846840670743238e-6   0.0   1   2   1   0.0   2.1831628741818996   1.985133086036889   6.464932748097734   0.5675931445371428   0.0   0.0   1.09089444642425   26.442295358919544   0.0
265   3.08700977199   6.215684662727232e-5   0.0   4   2   1   0.0   2.1831628741818996   1.985133086036889   6.464932748097734   0.5675931445371428   0.0   0.0   1.09089444642425   26.442295358919544   0.0
266   2.21598717949   1.579229327989329e-5   0.0   2   2   1   0.0   0.9514812409047165   0.3150522200391   16.923554168488   1.6793526894764   6.292027086705   0.0   0.8495583307505767   33.94056780653105   0.0
267   1.51510482529   0.00024336328874912484   0.0   3   2   1   0.0   0.9514812409047165   0.3150522200391   16.923554168488   1.6793526894764   6.292027086705   0.0   0.8495583307505767   33.94056780653105   0.0
268   7.92841666667   2.429583581522045e-6   0.0   2   3   1   0.0   7.028420408942333   3.948809345782955   3.891026022160353   3.7984104324335006   21.684183288895003   1.6389870310458998   1.0969777820708333   47.54946414341938   63.36489594951555
269   87.9116   1.0123264923008521e-6   0.0   5   3   1   0.0   7.028420408942333   3.948809345782955   3.891026022160353   3.7984104324335006   21.684183288895003   1.6389870310458998   1.0969777820708333   47.54946414341938   63.36489594951555
270   7.34389230769   1.3160244399911077e-5   0.0   3   3   1   0.0   7.028420408942333   3.948809345782955   3.891026022160353   3.7984104324335006   21.684183288895003   1.6389870310458998   1.0969777820708333   47.54946414341938   63.36489594951555
271   6.3438   1.0123264923008521e-6   0.0   1   3   1   0.0   7.028420408942333   3.948809345782955   3.891026022160353   3.7984104324335006   21.684183288895003   1.6389870310458998   1.0969777820708333   47.54946414341938   63.36489594951555
272   16.1985853659   8.301077236866987e-6   0.0   4   3   1   0.0   7.028420408942333   3.948809345782955   3.891026022160353   3.7984104324335006   21.684183288895003   1.6389870310458998   1.0969777820708333   47.54946414341938   63.36489594951555
273   7.97596428571   5.669028356884772e-6   0.0   2   4   1   0.0   1.9863950368781664   1.618868559239553   2.3078752721626   3.8054077289217005   65.67635042629999   0.2533995496942   0.29157731208851667   31.67557119059625   0.0
274   6.72390178571   4.5352226855078175e-5   0.0   3   4   1   0.0   1.9863950368781664   1.618868559239553   2.3078752721626   3.8054077289217005   65.67635042629999   0.2533995496942   0.29157731208851667   31.67557119059625   0.0
275   9.09152380952   4.251771267663579e-6   0.0   1   4   1   0.0   1.9863950368781664   1.618868559239553   2.3078752721626   3.8054077289217005   65.67635042629999   0.2533995496942   0.29157731208851667   31.67557119059625   0.0
276   8.77492857143   3.401417014130863e-5   0.0   4   4   1   0.0   1.9863950368781664   1.618868559239553   2.3078752721626   3.8054077289217005   65.67635042629999   0.2533995496942   0.29157731208851667   31.67557119059625   0.0
277   4.2139569378   4.231524737817562e-5   0.0   3   3   1   0.0   0.54618649003693   8.115592146556965   0.3660915721605286   1.5078844369065556   0.0   0.27493726930294005   4.719661813436832   68.04555756084666   0.0
278   3.85503409091   1.7816946264494997e-5   0.0   1   3   1   0.0   0.54618649003693   8.115592146556965   0.3660915721605286   1.5078844369065556   0.0   0.27493726930294005   4.719661813436832   68.04555756084666   0.0
279   9.32642391304   1.862680745833568e-5   0.0   4   3   1   0.0   0.54618649003693   8.115592146556965   0.3660915721605286   1.5078844369065556   0.0   0.27493726930294005   4.719661813436832   68.04555756084666   0.0
280   1.4817721519   1.5994758578353463e-5   0.0   2   1   1   0.0   2.1787524912276695   4.001987814095299   0.7381127094102   10.448669055125   0.0   2.0208492940488334   6.201143247297474   40.28306366620389   2.417986762218143
281   4.56946540881   3.2191982455167097e-5   0.0   5   1   1   0.0   2.1787524912276695   4.001987814095299   0.7381127094102   10.448669055125   0.0   2.0208492940488334   6.201143247297474   40.28306366620389   2.417986762218143
282   0.902402181322   0.00029701659284107   0.0   3   1   1   0.0   2.1787524912276695   4.001987814095299   0.7381127094102   10.448669055125   0.0   2.0208492940488334   6.201143247297474   40.28306366620389   2.417986762218143
283   0.920242718447   6.256177722419267e-5   0.0   1   1   1   0.0   2.1787524912276695   4.001987814095299   0.7381127094102   10.448669055125   0.0   2.0208492940488334   6.201143247297474   40.28306366620389   2.417986762218143
284   1.71304342105   0.00015387362682972952   0.0   4   1   1   0.0   2.1787524912276695   4.001987814095299   0.7381127094102   10.448669055125   0.0   2.0208492940488334   6.201143247297474   40.28306366620389   2.417986762218143
285   0.783817961165   0.0004170785148279511   0.0   3   1   1   0.0   7.028420408942333   3.948809345782955   3.891026022160353   3.7984104324335006   21.684183288895003   1.6389870310458998   1.0969777820708333   47.54946414341938   63.36489594951555
286   1.35688841722   0.000333865277160821   0.0   4   1   1   0.0   7.028420408942333   3.948809345782955   3.891026022160353   3.7984104324335006   21.684183288895003   1.6389870310458998   1.0969777820708333   47.54946414341938   63.36489594951555
287   2.02537190083   0.00014698980668208372   0.0   2   2   1   0.0   0.54618649003693   8.115592146556965   0.3660915721605286   1.5078844369065556   0.0   0.27493726930294005   4.719661813436832   68.04555756084666   0.0
288   1.91269856459   8.463049475635124e-5   0.0   1   2   1   0.0   0.54618649003693   8.115592146556965   0.3660915721605286   1.5078844369065556   0.0   0.27493726930294005   4.719661813436832   68.04555756084666   0.0
289   5.23823741007   0.00011257070594385475   0.0   4   2   1   0.0   0.54618649003693   8.115592146556965   0.3660915721605286   1.5078844369065556   0.0   0.27493726930294005   4.719661813436832   68.04555756084666   0.0
290   38.0325263158   3.846840670743238e-6   0.0   2   4   1   0.0   2.4935190935987857   0.5680130602919167   2.636619928233329   3.748936545974367   0.0   0.0   0.8601462889672501   17.591298068874053   0.0
291   83.9048461538   1.0528195519928862e-5   0.0   5   4   1   0.0   2.4935190935987857   0.5680130602919167   2.636619928233329   3.748936545974367   0.0   0.0   0.8601462889672501   17.591298068874053   0.0
292   39.68635   2.834514178442386e-5   0.0   3   4   1   0.0   2.4935190935987857   0.5680130602919167   2.636619928233329   3.748936545974367   0.0   0.0   0.8601462889672501   17.591298068874053   0.0
293   42.729   1.0123264923008521e-6   0.0   1   4   1   0.0   2.4935190935987857   0.5680130602919167   2.636619928233329   3.748936545974367   0.0   0.0   0.8601462889672501   17.591298068874053   0.0
294   177.100142857   1.417257089221193e-6   0.0   5   4   1   0.0   2.72728525641   7.94834602862   16.164233217148332   7.575539984230583   0.0   0.0   4.150851575878501   4.214959138328   0.0
295   66.8971428571   1.417257089221193e-6   0.0   3   4   1   0.0   2.72728525641   7.94834602862   16.164233217148332   7.575539984230583   0.0   0.0   4.150851575878501   4.214959138328   0.0
296   79.7402222222   5.4665630584246014e-6   0.0   4   4   1   0.0   2.72728525641   7.94834602862   16.164233217148332   7.575539984230583   0.0   0.0   4.150851575878501   4.214959138328   0.0
297   0.580750317777   0.0011149763986201585   0.0   2   1   1   0.0   0.8720846149608   0.5546295116328653   5.6512219997225674   24.214373592702   0.0   0.2128982353362   2.4756050778918803   19.889744068634442   9.686351226301666
298   7.95798507463   6.782587498415709e-5   0.0   5   1   1   0.0   0.8720846149608   0.5546295116328653   5.6512219997225674   24.214373592702   0.0   0.2128982353362   2.4756050778918803   19.889744068634442   9.686351226301666
299   0.677962357467   0.0014737449074915805   0.0   3   1   1   0.0   0.8720846149608   0.5546295116328653   5.6512219997225674   24.214373592702   0.0   0.2128982353362   2.4756050778918803   19.889744068634442   9.686351226301666
300   0.567919073203   0.0006029416588143876   0.0   1   1   1   0.0   0.8720846149608   0.5546295116328653   5.6512219997225674   24.214373592702   0.0   0.2128982353362   2.4756050778918803   19.889744068634442   9.686351226301666
301   1.53433090482   0.0008614898449480252   0.0   4   1   1   0.0   0.8720846149608   0.5546295116328653   5.6512219997225674   24.214373592702   0.0   0.2128982353362   2.4756050778918803   19.889744068634442   9.686351226301666
302   0.834207610994   0.00047883043085830305   0.0   2   1   1   0.0   2.1831628741818996   1.985133086036889   6.464932748097734   0.5675931445371428   0.0   0.0   1.09089444642425   26.442295358919544   0.0
303   1.02115688919   0.0009007681128492982   0.0   3   1   1   0.0   2.1831628741818996   1.985133086036889   6.464932748097734   0.5675931445371428   0.0   0.0   1.09089444642425   26.442295358919544   0.0
304   0.763200620476   0.0001957839436109848   0.0   1   1   1   0.0   2.1831628741818996   1.985133086036889   6.464932748097734   0.5675931445371428   0.0   0.0   1.09089444642425   26.442295358919544   0.0
305   0.645193351801   0.0003654498637206076   0.0   2   1   1   0.0   7.182455786841429   1.063965298998404   2.1318455817188666   3.448211328412556   11.85631698727375   0.0   0.7444022876269952   65.48950163230563   23.290944655831108
306   6.77737272727   4.454236566123749e-5   0.0   5   1   1   0.0   7.182455786841429   1.063965298998404   2.1318455817188666   3.448211328412556   11.85631698727375   0.0   0.7444022876269952   65.48950163230563   23.290944655831108
307   0.711116643454   0.0005814803371776094   0.0   3   1   1   0.0   7.182455786841429   1.063965298998404   2.1318455817188666   3.448211328412556   11.85631698727375   0.0   0.7444022876269952   65.48950163230563   23.290944655831108
308   0.602588355465   0.00019821352719250683   0.0   1   1   1   0.0   7.182455786841429   1.063965298998404   2.1318455817188666   3.448211328412556   11.85631698727375   0.0   0.7444022876269952   65.48950163230563   23.290944655831108
309   1.35804056338   0.0003593759047668025   0.0   4   1   1   0.0   7.182455786841429   1.063965298998404   2.1318455817188666   3.448211328412556   11.85631698727375   0.0   0.7444022876269952   65.48950163230563   23.290944655831108
310   8.02580769231   5.264097759964431e-6   0.0   2   3   1   0.0   0.2927455865407923   0.7253431380093858   60.14907987431646   1.0069628803438235   0.0   2.1533661424342   1.4333105818834704   37.225272740442506   0.0
311   7.02008650519   5.851247125498925e-5   0.0   3   3   1   0.0   0.2927455865407923   0.7253431380093858   60.14907987431646   1.0069628803438235   0.0   2.1533661424342   1.4333105818834704   37.225272740442506   0.0
312   6.42032   5.061632461504261e-6   0.0   1   3   1   0.0   0.2927455865407923   0.7253431380093858   60.14907987431646   1.0069628803438235   0.0   2.1533661424342   1.4333105818834704   37.225272740442506   0.0
313   16.6556   1.7209550369114487e-5   0.0   4   3   1   0.0   0.2927455865407923   0.7253431380093858   60.14907987431646   1.0069628803438235   0.0   2.1533661424342   1.4333105818834704   37.225272740442506   0.0
314   4.58918421053   7.693681341486476e-6   0.0   2   2   1   0.0   0.82760876396925   0.5336232383752727   3.6575267047514615   5.664943757558739   99.26672099218572   0.0   24.825431642070434   19.771832397154732   0.0
315   9.11899369085   6.418149961187402e-5   0.0   5   2   1   0.0   0.82760876396925   0.5336232383752727   3.6575267047514615   5.664943757558739   99.26672099218572   0.0   24.825431642070434   19.771832397154732   0.0
316   3.6073258427   7.207764625182067e-5   0.0   3   2   1   0.0   0.82760876396925   0.5336232383752727   3.6575267047514615   5.664943757558739   99.26672099218572   0.0   24.825431642070434   19.771832397154732   0.0
317   5.77495467422   7.147025035644016e-5   0.0   4   2   1   0.0   0.82760876396925   0.5336232383752727   3.6575267047514615   5.664943757558739   99.26672099218572   0.0   24.825431642070434   19.771832397154732   0.0
