key   prices   shares   usage   condition   rarity   statTrak   z1   z2   z3   z4   z5   z6   z7   z8   z9   z10
1   0.339491712707   0.00010993865706387254   3.34   5   1   0   0.0   1.9863950368781664   2.3078752721626   3.8054077289217005   65.67635042629999   0.2533995496942   0.29157731208851667   3.5457182702881536   31.67557119059625   0.0
2   0.0871642808453   0.00089104977852321   3.34   3   1   0   0.0   1.9863950368781664   2.3078752721626   3.8054077289217005   65.67635042629999   0.2533995496942   0.29157731208851667   3.5457182702881536   31.67557119059625   0.0
3   0.087070855615   0.00015144404324820746   3.34   1   1   0   0.0   1.9863950368781664   2.3078752721626   3.8054077289217005   65.67635042629999   0.2533995496942   0.29157731208851667   3.5457182702881536   31.67557119059625   0.0
4   0.095   0.0006132673890358562   3.34   4   1   0   0.0   1.9863950368781664   2.3078752721626   3.8054077289217005   65.67635042629999   0.2533995496942   0.29157731208851667   3.5457182702881536   31.67557119059625   0.0
5   0.270928121059   0.00016055498167891514   3.34   2   1   0   0.0   0.36308805377753334   1.6656416495012962   1.0884308319143106   65.52641295667001   1.92547666399   9.784136079735   8.968934597966001   18.5581241414   0.0
6   0.290020136519   0.0005932233244882993   3.34   5   1   0   0.0   0.36308805377753334   1.6656416495012962   1.0884308319143106   65.52641295667001   1.92547666399   9.784136079735   8.968934597966001   18.5581241414   0.0
7   0.0947965726277   0.0017367473301913418   3.34   3   1   0   0.0   0.36308805377753334   1.6656416495012962   1.0884308319143106   65.52641295667001   1.92547666399   9.784136079735   8.968934597966001   18.5581241414   0.0
8   0.144807172335   0.0014227236522796176   3.34   4   1   0   0.0   0.36308805377753334   1.6656416495012962   1.0884308319143106   65.52641295667001   1.92547666399   9.784136079735   8.968934597966001   18.5581241414   0.0
9   1.54433333333   2.976239887364505e-5   3.34   5   1   0   0.0   2.4365064693509093   18.030609111935284   0.0   0.0   0.0   3.238556385647615   6.167166137631306   26.24790598289904   0.0
10   0.199843268587   0.00030228069060103446   3.34   3   1   0   0.0   2.4365064693509093   18.030609111935284   0.0   0.0   0.0   3.238556385647615   6.167166137631306   26.24790598289904   0.0
11   0.212350370659   0.0005189185599534168   3.34   4   1   0   0.0   2.4365064693509093   18.030609111935284   0.0   0.0   0.0   3.238556385647615   6.167166137631306   26.24790598289904   0.0
12   0.261376470588   3.4419100738228974e-5   3.34   2   1   0   0.0   0.82760876396925   3.6575267047514615   5.664943757558739   99.26672099218572   0.0   24.825431642070434   3.60037153423875   19.771832397154732   0.0
13   0.391061333333   0.0001518489738451278   3.34   5   1   0   0.0   0.82760876396925   3.6575267047514615   5.664943757558739   99.26672099218572   0.0   24.825431642070434   3.60037153423875   19.771832397154732   0.0
14   0.240592724046   0.00045635678272922415   3.34   3   1   0   0.0   0.82760876396925   3.6575267047514615   5.664943757558739   99.26672099218572   0.0   24.825431642070434   3.60037153423875   19.771832397154732   0.0
15   0.283842837274   0.00029114509918572504   3.34   4   1   0   0.0   0.82760876396925   3.6575267047514615   5.664943757558739   99.26672099218572   0.0   24.825431642070434   3.60037153423875   19.771832397154732   0.0
16   4.35370967742   6.276424252265283e-6   3.34   5   1   0   0.0   5.017751533807   34.310181969071536   29.273757079621646   103.53168987555   0.0   5.714848337557   4.44715273454955   241.42071859697873   65.3875111007
17   0.665299270073   5.54754917780867e-5   3.34   3   1   0   0.0   5.017751533807   34.310181969071536   29.273757079621646   103.53168987555   0.0   5.714848337557   4.44715273454955   241.42071859697873   65.3875111007
18   0.790295348837   8.706007833787328e-5   3.34   4   1   0   0.0   5.017751533807   34.310181969071536   29.273757079621646   103.53168987555   0.0   5.714848337557   4.44715273454955   241.42071859697873   65.3875111007
19   4.02443343653   6.539629140263505e-5   3.34   2   3   0   0.0   0.54618649003693   0.3660915721605286   1.5078844369065556   0.0   0.27493726930294005   4.719661813436832   1.2654183389366231   68.04555756084666   0.0
20   9.4853296875   0.00012957779101450907   3.34   5   3   0   0.0   0.54618649003693   0.3660915721605286   1.5078844369065556   0.0   0.27493726930294005   4.719661813436832   1.2654183389366231   68.04555756084666   0.0
21   2.67803052995   0.0014059190325074235   3.34   3   3   0   0.0   0.54618649003693   0.3660915721605286   1.5078844369065556   0.0   0.27493726930294005   4.719661813436832   1.2654183389366231   68.04555756084666   0.0
22   2.09855004591   0.0002204847100231256   3.34   1   3   0   0.0   0.54618649003693   0.3660915721605286   1.5078844369065556   0.0   0.27493726930294005   4.719661813436832   1.2654183389366231   68.04555756084666   0.0
23   4.85021930202   0.00046992195772605557   3.34   4   3   0   0.0   0.54618649003693   0.3660915721605286   1.5078844369065556   0.0   0.27493726930294005   4.719661813436832   1.2654183389366231   68.04555756084666   0.0
24   0.258460992908   5.709521416576806e-5   3.34   2   1   0   0.0   0.8720846149608   5.6512219997225674   24.214373592702   0.0   0.2128982353362   2.4756050778918803   1.4388318054968998   19.889744068634442   9.686351226301666
25   0.141901872176   0.0009408562419444119   3.34   5   1   0   0.0   0.8720846149608   5.6512219997225674   24.214373592702   0.0   0.2128982353362   2.4756050778918803   1.4388318054968998   19.889744068634442   9.686351226301666
26   0.0874538361508   0.0006227832580634842   3.34   3   1   0   0.0   0.8720846149608   5.6512219997225674   24.214373592702   0.0   0.2128982353362   2.4756050778918803   1.4388318054968998   19.889744068634442   9.686351226301666
27   0.0920350456073   0.0008434704333850699   3.34   4   1   0   0.0   0.8720846149608   5.6512219997225674   24.214373592702   0.0   0.2128982353362   2.4756050778918803   1.4388318054968998   19.889744068634442   9.686351226301666
28   0.0871365512861   0.0012751264497021532   3.34   2   1   0   0.0   0.5218639314275266   3.6150664963486   10.891463953800686   0.0   0.22218244595361247   2.1000913764498037   2.3395740813209818   55.029824307275   9.7291692030983
29   0.438008635579   0.00035168222342531603   3.34   5   1   0   0.0   0.5218639314275266   3.6150664963486   10.891463953800686   0.0   0.22218244595361247   2.1000913764498037   2.3395740813209818   55.029824307275   9.7291692030983
30   0.0860634136082   0.0019252425230577605   3.34   3   1   0   0.0   0.5218639314275266   3.6150664963486   10.891463953800686   0.0   0.22218244595361247   2.1000913764498037   2.3395740813209818   55.029824307275   9.7291692030983
31   0.0862129458388   0.000766331154671745   3.34   1   1   0   0.0   0.5218639314275266   3.6150664963486   10.891463953800686   0.0   0.22218244595361247   2.1000913764498037   2.3395740813209818   55.029824307275   9.7291692030983
32   0.110905037934   0.002375120416236259   3.34   4   1   0   0.0   0.5218639314275266   3.6150664963486   10.891463953800686   0.0   0.22218244595361247   2.1000913764498037   2.3395740813209818   55.029824307275   9.7291692030983
33   0.292067578439   0.0020133149278879344   3.34   3   2   0   0.0   0.9466654255443935   0.0   5.093097090319444   4.094409469515   0.20239459552165   2.50367782355087   0.0   23.043019936840004   0.7581898866715556
34   0.574224228743   0.0008072291449606995   3.34   2   2   0   0.0   0.6564489325366429   43.963008134862505   1.4771393494959   18.737585737291   1.203307631673143   3.0461253835189033   0.23301479928154445   52.14757917054294   1.1759096751892222
35   2.07806763788   0.00019456915182022378   3.34   5   2   0   0.0   0.6564489325366429   43.963008134862505   1.4771393494959   18.737585737291   1.203307631673143   3.0461253835189033   0.23301479928154445   52.14757917054294   1.1759096751892222
36   0.592098502758   0.0015415707824757376   3.34   3   2   0   0.0   0.6564489325366429   43.963008134862505   1.4771393494959   18.737585737291   1.203307631673143   3.0461253835189033   0.23301479928154445   52.14757917054294   1.1759096751892222
37   0.567013217867   0.0004442088648216139   3.34   1   2   0   0.0   0.6564489325366429   43.963008134862505   1.4771393494959   18.737585737291   1.203307631673143   3.0461253835189033   0.23301479928154445   52.14757917054294   1.1759096751892222
38   0.850525472034   0.0011366401855553967   3.34   4   2   0   0.0   0.6564489325366429   43.963008134862505   1.4771393494959   18.737585737291   1.203307631673143   3.0461253835189033   0.23301479928154445   52.14757917054294   1.1759096751892222
39   0.280100775194   2.6118023501361986e-5   0.0   2   1   0   0.0   2.4365064693509093   18.030609111935284   0.0   0.0   0.0   3.238556385647615   6.167166137631306   26.24790598289904   0.0
40   35.7091515152   6.681354849185624e-6   0.0   1   1   0   0.0   2.4365064693509093   18.030609111935284   0.0   0.0   0.0   3.238556385647615   6.167166137631306   26.24790598289904   0.0
41   0.321423951049   0.00023162030143843496   0.0   4   1   0   0.0   2.4365064693509093   18.030609111935284   0.0   0.0   0.0   3.238556385647615   6.167166137631306   26.24790598289904   0.0
42   2.68519654231   0.00022250936300772728   0.0   5   2   0   0.0   7.9725843960943745   0.0   2.3938855663046668   36.50758139611667   0.3599346115465   6.1119986222122495   0.0   43.12911224052846   0.0
43   2.27303228963   0.00020691953502629417   0.0   4   2   0   0.0   7.9725843960943745   0.0   2.3938855663046668   36.50758139611667   0.3599346115465   6.1119986222122495   0.0   43.12911224052846   0.0
44   1.54123015873   0.00033163815887775913   0.0   5   2   0   0.0   2.72728525641   16.164233217148332   7.575539984230583   0.0   0.0   4.150851575878501   28.503292678853935   4.214959138328   0.0
45   3.92616129032   1.2552848504530566e-5   0.0   4   2   0   0.0   2.72728525641   16.164233217148332   7.575539984230583   0.0   0.0   4.150851575878501   28.503292678853935   4.214959138328   0.0
46   0.175284172662   0.0002251414118877095   0.0   2   1   0   0.0   0.54618649003693   0.3660915721605286   1.5078844369065556   0.0   0.27493726930294005   4.719661813436832   1.2654183389366231   68.04555756084666   0.0
47   0.212922241587   0.0015101886612144111   0.0   5   1   0   0.0   0.54618649003693   0.3660915721605286   1.5078844369065556   0.0   0.27493726930294005   4.719661813436832   1.2654183389366231   68.04555756084666   0.0
48   0.106421156148   0.002367629200193233   0.0   3   1   0   0.0   0.54618649003693   0.3660915721605286   1.5078844369065556   0.0   0.27493726930294005   4.719661813436832   1.2654183389366231   68.04555756084666   0.0
49   0.13514198783   9.981539214086402e-5   0.0   1   1   0   0.0   0.54618649003693   0.3660915721605286   1.5078844369065556   0.0   0.27493726930294005   4.719661813436832   1.2654183389366231   68.04555756084666   0.0
50   0.157865879428   0.001628833326112071   0.0   4   1   0   0.0   0.54618649003693   0.3660915721605286   1.5078844369065556   0.0   0.27493726930294005   4.719661813436832   1.2654183389366231   68.04555756084666   0.0
51   1.41393195021   0.00024397068464450535   0.0   2   3   0   0.0   0.5218639314275266   3.6150664963486   10.891463953800686   0.0   0.22218244595361247   2.1000913764498037   2.3395740813209818   55.029824307275   9.7291692030983
52   1.40627955163   0.0005960578386667417   0.0   3   3   0   0.0   0.5218639314275266   3.6150664963486   10.891463953800686   0.0   0.22218244595361247   2.1000913764498037   2.3395740813209818   55.029824307275   9.7291692030983
53   1.38795274585   0.00015853032869431343   0.0   1   3   0   0.0   0.5218639314275266   3.6150664963486   10.891463953800686   0.0   0.22218244595361247   2.1000913764498037   2.3395740813209818   55.029824307275   9.7291692030983
54   2.26939479095   0.00029539687045338864   0.0   4   3   0   0.0   0.5218639314275266   3.6150664963486   10.891463953800686   0.0   0.22218244595361247   2.1000913764498037   2.3395740813209818   55.029824307275   9.7291692030983
55   0.467429850746   6.782587498415709e-5   0.0   2   2   0   0.0   0.36308805377753334   1.6656416495012962   1.0884308319143106   65.52641295667001   1.92547666399   9.784136079735   8.968934597966001   18.5581241414   0.0
56   0.965952036199   0.0004474483095969766   0.0   5   2   0   0.0   0.36308805377753334   1.6656416495012962   1.0884308319143106   65.52641295667001   1.92547666399   9.784136079735   8.968934597966001   18.5581241414   0.0
57   0.331689011567   0.0007701779953424883   0.0   3   2   0   0.0   0.36308805377753334   1.6656416495012962   1.0884308319143106   65.52641295667001   1.92547666399   9.784136079735   8.968934597966001   18.5581241414   0.0
58   0.343455172414   2.9357468276724712e-5   0.0   1   2   0   0.0   0.36308805377753334   1.6656416495012962   1.0884308319143106   65.52641295667001   1.92547666399   9.784136079735   8.968934597966001   18.5581241414   0.0
59   0.458942410783   0.0013218959336464527   0.0   4   2   0   0.0   0.36308805377753334   1.6656416495012962   1.0884308319143106   65.52641295667001   1.92547666399   9.784136079735   8.968934597966001   18.5581241414   0.0
60   0.108566507177   0.00021157623689087808   0.0   2   1   0   0.0   2.4935190935987857   2.636619928233329   3.748936545974367   0.0   0.0   0.8601462889672501   17.867634705460684   17.591298068874053   0.0
61   0.193239147718   0.0012733042620160118   0.0   5   1   0   0.0   2.4935190935987857   2.636619928233329   3.748936545974367   0.0   0.0   0.8601462889672501   17.867634705460684   17.591298068874053   0.0
62   0.0916774567965   0.0015699159242601615   0.0   3   1   0   0.0   2.4935190935987857   2.636619928233329   3.748936545974367   0.0   0.0   0.8601462889672501   17.867634705460684   17.591298068874053   0.0
63   0.121948367755   0.001215601651954863   0.0   4   1   0   0.0   2.4935190935987857   2.636619928233329   3.748936545974367   0.0   0.0   0.8601462889672501   17.867634705460684   17.591298068874053   0.0
64   0.119218342448   0.0004812600144398251   0.0   2   1   0   0.0   1.0510749344370833   0.72866101943275   25.689795854658332   24.9487518439   0.32664936589143   5.087676386349001   0.24934839151321003   12.729230109722   3.2005596446364004
65   0.807004189944   0.000144965153697482   0.0   5   1   0   0.0   1.0510749344370833   0.72866101943275   25.689795854658332   24.9487518439   0.32664936589143   5.087676386349001   0.24934839151321003   12.729230109722   3.2005596446364004
66   0.131730253025   0.0009202047815014745   0.0   3   1   0   0.0   1.0510749344370833   0.72866101943275   25.689795854658332   24.9487518439   0.32664936589143   5.087676386349001   0.24934839151321003   12.729230109722   3.2005596446364004
67   0.11422852377   0.00024275589285374432   0.0   1   1   0   0.0   1.0510749344370833   0.72866101943275   25.689795854658332   24.9487518439   0.32664936589143   5.087676386349001   0.24934839151321003   12.729230109722   3.2005596446364004
68   0.224577161202   0.0008829511665848032   0.0   4   1   0   0.0   1.0510749344370833   0.72866101943275   25.689795854658332   24.9487518439   0.32664936589143   5.087676386349001   0.24934839151321003   12.729230109722   3.2005596446364004
69   0.244345284489   0.00025976297792439866   0.0   2   1   0   0.0   2.4935190935987857   2.636619928233329   3.748936545974367   0.0   0.0   0.8601462889672501   17.867634705460684   17.591298068874053   0.0
70   0.52822170143   0.0008639194285295471   0.0   5   1   0   0.0   2.4935190935987857   2.636619928233329   3.748936545974367   0.0   0.0   0.8601462889672501   17.867634705460684   17.591298068874053   0.0
71   0.126816914923   0.00443115552209929   0.0   3   1   0   0.0   2.4935190935987857   2.636619928233329   3.748936545974367   0.0   0.0   0.8601462889672501   17.867634705460684   17.591298068874053   0.0
72   0.11709449325   0.0009449055479136153   0.0   1   1   0   0.0   2.4935190935987857   2.636619928233329   3.748936545974367   0.0   0.0   0.8601462889672501   17.867634705460684   17.591298068874053   0.0
73   0.216904531811   0.0027654735116674676   0.0   4   1   0   0.0   2.4935190935987857   2.636619928233329   3.748936545974367   0.0   0.0   0.8601462889672501   17.867634705460684   17.591298068874053   0.0
74   1.1332607987   0.0002484249212106291   0.0   5   2   0   0.0   7.028420408942333   3.891026022160353   3.7984104324335006   21.684183288895003   1.6389870310458998   1.0969777820708333   11.28995650541793   47.54946414341938   63.36489594951555
75   1.91841269841   2.5510627605981472e-5   0.0   4   2   0   0.0   7.028420408942333   3.891026022160353   3.7984104324335006   21.684183288895003   1.6389870310458998   1.0969777820708333   11.28995650541793   47.54946414341938   63.36489594951555
76   2.608525   4.85916716304409e-5   0.0   2   2   0   0.0   7.182455786841429   2.1318455817188666   3.448211328412556   11.85631698727375   0.0   0.7444022876269952   1.2334097549787002   65.48950163230563   23.290944655831108
77   1.23810695538   0.0003085571148532997   0.0   5   2   0   0.0   7.182455786841429   2.1318455817188666   3.448211328412556   11.85631698727375   0.0   0.7444022876269952   1.2334097549787002   65.48950163230563   23.290944655831108
78   0.496784509681   0.00032414694283473285   0.0   3   2   0   0.0   7.182455786841429   2.1318455817188666   3.448211328412556   11.85631698727375   0.0   0.7444022876269952   1.2334097549787002   65.48950163230563   23.290944655831108
79   0.725296172539   0.000666515762530881   0.0   4   2   0   0.0   7.182455786841429   2.1318455817188666   3.448211328412556   11.85631698727375   0.0   0.7444022876269952   1.2334097549787002   65.48950163230563   23.290944655831108
80   0.638584415584   3.117965596286625e-5   0.0   2   2   0   0.0   0.2927455865407923   60.14907987431646   1.0069628803438235   0.0   2.1533661424342   1.4333105818834704   5.583744477122104   37.225272740442506   0.0
81   0.587400642497   0.00044117188534471136   0.0   3   2   0   0.0   0.2927455865407923   60.14907987431646   1.0069628803438235   0.0   2.1533661424342   1.4333105818834704   5.583744477122104   37.225272740442506   0.0
82   0.57161130742   5.7297679464228226e-5   0.0   1   2   0   0.0   0.2927455865407923   60.14907987431646   1.0069628803438235   0.0   2.1533661424342   1.4333105818834704   5.583744477122104   37.225272740442506   0.0
83   3.14040606061   0.0001670338712296406   0.0   3   3   0   0.0   0.36308805377753334   1.6656416495012962   1.0884308319143106   65.52641295667001   1.92547666399   9.784136079735   8.968934597966001   18.5581241414   0.0
84   3.50094450017   0.0006055737076943697   0.0   4   3   0   0.0   0.36308805377753334   1.6656416495012962   1.0884308319143106   65.52641295667001   1.92547666399   9.784136079735   8.968934597966001   18.5581241414   0.0
85   0.091579006772   0.000179384254435711   0.0   2   1   0   0.0   0.6564489325366429   43.963008134862505   1.4771393494959   18.737585737291   1.203307631673143   3.0461253835189033   0.23301479928154445   52.14757917054294   1.1759096751892222
86   0.141410963245   0.0006389804819402978   0.0   5   1   0   0.0   0.6564489325366429   43.963008134862505   1.4771393494959   18.737585737291   1.203307631673143   3.0461253835189033   0.23301479928154445   52.14757917054294   1.1759096751892222
87   0.0837671746956   0.002643589401994445   0.0   3   1   0   0.0   0.6564489325366429   43.963008134862505   1.4771393494959   18.737585737291   1.203307631673143   3.0461253835189033   0.23301479928154445   52.14757917054294   1.1759096751892222
88   0.0848942486085   0.0005456439793501593   0.0   1   1   0   0.0   0.6564489325366429   43.963008134862505   1.4771393494959   18.737585737291   1.203307631673143   3.0461253835189033   0.23301479928154445   52.14757917054294   1.1759096751892222
89   0.0915491071429   0.001315214578797267   0.0   4   1   0   0.0   0.6564489325366429   43.963008134862505   1.4771393494959   18.737585737291   1.203307631673143   3.0461253835189033   0.23301479928154445   52.14757917054294   1.1759096751892222
90   0.128957351291   0.00018039658092801184   0.0   2   1   0   0.0   0.8720846149608   5.6512219997225674   24.214373592702   0.0   0.2128982353362   2.4756050778918803   1.4388318054968998   19.889744068634442   9.686351226301666
91   0.196287933266   0.0014077412201935649   0.0   5   1   0   0.0   0.8720846149608   5.6512219997225674   24.214373592702   0.0   0.2128982353362   2.4756050778918803   1.4388318054968998   19.889744068634442   9.686351226301666
92   0.0986056524354   0.001683498956696317   0.0   3   1   0   0.0   0.8720846149608   5.6512219997225674   24.214373592702   0.0   0.2128982353362   2.4756050778918803   1.4388318054968998   19.889744068634442   9.686351226301666
93   0.10841322314   7.349490334104186e-5   0.0   1   1   0   0.0   0.8720846149608   5.6512219997225674   24.214373592702   0.0   0.2128982353362   2.4756050778918803   1.4388318054968998   19.889744068634442   9.686351226301666
94   0.157840331778   0.0011716666821890063   0.0   4   1   0   0.0   0.8720846149608   5.6512219997225674   24.214373592702   0.0   0.2128982353362   2.4756050778918803   1.4388318054968998   19.889744068634442   9.686351226301666
95   0.0970336239103   0.00016257963466351685   0.0   2   1   0   0.0   0.9466654255443935   0.0   5.093097090319444   4.094409469515   0.20239459552165   2.50367782355087   0.0   23.043019936840004   0.7581898866715556
96   0.144337576722   0.0008906448479262896   0.0   5   1   0   0.0   0.9466654255443935   0.0   5.093097090319444   4.094409469515   0.20239459552165   2.50367782355087   0.0   23.043019936840004   0.7581898866715556
97   0.0887600796416   0.0012202583538194472   0.0   3   1   0   0.0   0.9466654255443935   0.0   5.093097090319444   4.094409469515   0.20239459552165   2.50367782355087   0.0   23.043019936840004   0.7581898866715556
98   0.100625277162   9.131184960553686e-5   0.0   1   1   0   0.0   0.9466654255443935   0.0   5.093097090319444   4.094409469515   0.20239459552165   2.50367782355087   0.0   23.043019936840004   0.7581898866715556
99   0.0990911734164   0.0009748704120857206   0.0   4   1   0   0.0   0.9466654255443935   0.0   5.093097090319444   4.094409469515   0.20239459552165   2.50367782355087   0.0   23.043019936840004   0.7581898866715556
100   1.01008522727   0.00014253557011595998   0.0   3   1   0   0.0   0.0   15.19563414882   0.0   146.111528023625   0.0   0.0   7.300950822538001   66.1855751085043   38.31396290875
101   1.06123921201   0.00021582800815854165   0.0   4   1   0   0.0   0.0   15.19563414882   0.0   146.111528023625   0.0   0.0   7.300950822538001   66.1855751085043   38.31396290875
102   0.63823655914   9.414636378397925e-5   0.0   2   2   0   0.0   2.1787524912276695   0.7381127094102   10.448669055125   0.0   2.0208492940488334   6.201143247297474   37.55268473983269   40.28306366620389   2.417986762218143
103   2.44813114754   6.175191603035198e-5   0.0   5   2   0   0.0   2.1787524912276695   0.7381127094102   10.448669055125   0.0   2.0208492940488334   6.201143247297474   37.55268473983269   40.28306366620389   2.417986762218143
104   0.648992657856   0.00027575773650275213   0.0   3   2   0   0.0   2.1787524912276695   0.7381127094102   10.448669055125   0.0   2.0208492940488334   6.201143247297474   37.55268473983269   40.28306366620389   2.417986762218143
105   0.623095419847   5.304590819656465e-5   0.0   1   2   0   0.0   2.1787524912276695   0.7381127094102   10.448669055125   0.0   2.0208492940488334   6.201143247297474   37.55268473983269   40.28306366620389   2.417986762218143
106   1.14627818757   0.00019213956823870172   0.0   4   2   0   0.0   2.1787524912276695   0.7381127094102   10.448669055125   0.0   2.0208492940488334   6.201143247297474   37.55268473983269   40.28306366620389   2.417986762218143
107   3.42894262295   2.470076641214079e-5   0.0   2   4   0   0.0   0.54618649003693   0.3660915721605286   1.5078844369065556   0.0   0.27493726930294005   4.719661813436832   1.2654183389366231   68.04555756084666   0.0
108   7.75233754513   0.00011216577534693441   0.0   5   4   0   0.0   0.54618649003693   0.3660915721605286   1.5078844369065556   0.0   0.27493726930294005   4.719661813436832   1.2654183389366231   68.04555756084666   0.0
109   3.17282397572   0.0002668492633705046   0.0   3   4   0   0.0   0.54618649003693   0.3660915721605286   1.5078844369065556   0.0   0.27493726930294005   4.719661813436832   1.2654183389366231   68.04555756084666   0.0
110   2.85493877551   1.98415992490967e-5   0.0   1   4   0   0.0   0.54618649003693   0.3660915721605286   1.5078844369065556   0.0   0.27493726930294005   4.719661813436832   1.2654183389366231   68.04555756084666   0.0
111   4.88217208814   0.0001929494294325424   0.0   4   4   0   0.0   0.54618649003693   0.3660915721605286   1.5078844369065556   0.0   0.27493726930294005   4.719661813436832   1.2654183389366231   68.04555756084666   0.0
112   0.656009710983   0.0008756624158402371   0.0   5   2   0   0.0   0.8720846149608   5.6512219997225674   24.214373592702   0.0   0.2128982353362   2.4756050778918803   1.4388318054968998   19.889744068634442   9.686351226301666
113   0.326004508566   0.000673602047976987   0.0   3   2   0   0.0   0.8720846149608   5.6512219997225674   24.214373592702   0.0   0.2128982353362   2.4756050778918803   1.4388318054968998   19.889744068634442   9.686351226301666
114   0.4099   2.429583581522045e-5   0.0   1   2   0   0.0   0.8720846149608   5.6512219997225674   24.214373592702   0.0   0.2128982353362   2.4756050778918803   1.4388318054968998   19.889744068634442   9.686351226301666
115   0.389724482512   0.0014182694157134938   0.0   4   2   0   0.0   0.8720846149608   5.6512219997225674   24.214373592702   0.0   0.2128982353362   2.4756050778918803   1.4388318054968998   19.889744068634442   9.686351226301666
116   1.14410204082   1.98415992490967e-5   0.0   2   2   0   0.0   2.1831628741818996   6.464932748097734   0.5675931445371428   0.0   0.0   1.09089444642425   4.2262356495577995   26.442295358919544   0.0
117   1.04456399132   0.00018667300518027713   0.0   5   2   0   0.0   2.1831628741818996   6.464932748097734   0.5675931445371428   0.0   0.0   1.09089444642425   4.2262356495577995   26.442295358919544   0.0
118   0.616996328029   0.00016541414884195922   0.0   3   2   0   0.0   2.1831628741818996   6.464932748097734   0.5675931445371428   0.0   0.0   1.09089444642425   4.2262356495577995   26.442295358919544   0.0
119   1.4346875   6.4788895507254536e-6   0.0   1   2   0   0.0   2.1831628741818996   6.464932748097734   0.5675931445371428   0.0   0.0   1.09089444642425   4.2262356495577995   26.442295358919544   0.0
120   0.105185950413   0.0005389626245009736   0.0   2   1   0   0.0   7.182455786841429   2.1318455817188666   3.448211328412556   11.85631698727375   0.0   0.7444022876269952   1.2334097549787002   65.48950163230563   23.290944655831108
121   0.737953020134   0.00012066931788226158   0.0   5   1   0   0.0   7.182455786841429   2.1318455817188666   3.448211328412556   11.85631698727375   0.0   0.7444022876269952   1.2334097549787002   65.48950163230563   23.290944655831108
122   0.11741092692   0.0008671588733049099   0.0   3   1   0   0.0   7.182455786841429   2.1318455817188666   3.448211328412556   11.85631698727375   0.0   0.7444022876269952   1.2334097549787002   65.48950163230563   23.290944655831108
123   0.160584477393   0.001106067925487911   0.0   4   1   0   0.0   7.182455786841429   2.1318455817188666   3.448211328412556   11.85631698727375   0.0   0.7444022876269952   1.2334097549787002   65.48950163230563   23.290944655831108
124   0.487604395604   1.8424342159875508e-5   0.0   2   2   0   0.0   7.028420408942333   3.891026022160353   3.7984104324335006   21.684183288895003   1.6389870310458998   1.0969777820708333   11.28995650541793   47.54946414341938   63.36489594951555
125   3.31526   1.0123264923008521e-5   0.0   5   2   0   0.0   7.028420408942333   3.891026022160353   3.7984104324335006   21.684183288895003   1.6389870310458998   1.0969777820708333   11.28995650541793   47.54946414341938   63.36489594951555
126   0.423248104009   0.0001868754704787373   0.0   3   2   0   0.0   7.028420408942333   3.891026022160353   3.7984104324335006   21.684183288895003   1.6389870310458998   1.0969777820708333   11.28995650541793   47.54946414341938   63.36489594951555
127   0.451367088608   1.5994758578353463e-5   0.0   1   2   0   0.0   7.028420408942333   3.891026022160353   3.7984104324335006   21.684183288895003   1.6389870310458998   1.0969777820708333   11.28995650541793   47.54946414341938   63.36489594951555
128   0.826299019608   0.0001239087626576243   0.0   4   2   0   0.0   7.028420408942333   3.891026022160353   3.7984104324335006   21.684183288895003   1.6389870310458998   1.0969777820708333   11.28995650541793   47.54946414341938   63.36489594951555
129   0.0860812800906   0.0007149049688628617   0.0   2   1   0   0.0   0.9514812409047165   16.923554168488   1.6793526894764   6.292027086705   0.0   0.8495583307505767   1.5354673513325892   33.94056780653105   0.0
130   0.196978764479   0.00010487702460236827   0.0   5   1   0   0.0   0.9514812409047165   16.923554168488   1.6793526894764   6.292027086705   0.0   0.8495583307505767   1.5354673513325892   33.94056780653105   0.0
131   0.0983264453726   0.0009210146426953152   0.0   3   1   0   0.0   0.9514812409047165   16.923554168488   1.6793526894764   6.292027086705   0.0   0.8495583307505767   1.5354673513325892   33.94056780653105   0.0
132   0.0855076271186   0.0004778181043660022   0.0   1   1   0   0.0   0.9514812409047165   16.923554168488   1.6793526894764   6.292027086705   0.0   0.8495583307505767   1.5354673513325892   33.94056780653105   0.0
133   0.0942488672011   0.0005808729412822289   0.0   4   1   0   0.0   0.9514812409047165   16.923554168488   1.6793526894764   6.292027086705   0.0   0.8495583307505767   1.5354673513325892   33.94056780653105   0.0
134   0.264522222222   1.8221876861415336e-5   0.0   2   1   0   0.0   7.9725843960943745   0.0   2.3938855663046668   36.50758139611667   0.3599346115465   6.1119986222122495   0.0   43.12911224052846   0.0
135   0.98143697479   2.409337051676028e-5   0.0   5   1   0   0.0   7.9725843960943745   0.0   2.3938855663046668   36.50758139611667   0.3599346115465   6.1119986222122495   0.0   43.12911224052846   0.0
136   0.166219148936   0.00019031738055256018   0.0   4   1   0   0.0   7.9725843960943745   0.0   2.3938855663046668   36.50758139611667   0.3599346115465   6.1119986222122495   0.0   43.12911224052846   0.0
137   0.0858915547025   0.00021096884099549757   0.0   2   1   0   0.0   0.6564489325366429   43.963008134862505   1.4771393494959   18.737585737291   1.203307631673143   3.0461253835189033   0.23301479928154445   52.14757917054294   1.1759096751892222
138   0.132752159161   0.001312784995215745   0.0   5   1   0   0.0   0.6564489325366429   43.963008134862505   1.4771393494959   18.737585737291   1.203307631673143   3.0461253835189033   0.23301479928154445   52.14757917054294   1.1759096751892222
139   0.0844609824072   0.0023247065569196768   0.0   3   1   0   0.0   0.6564489325366429   43.963008134862505   1.4771393494959   18.737585737291   1.203307631673143   3.0461253835189033   0.23301479928154445   52.14757917054294   1.1759096751892222
140   0.0901172649573   0.001184421995991997   0.0   4   1   0   0.0   0.6564489325366429   43.963008134862505   1.4771393494959   18.737585737291   1.203307631673143   3.0461253835189033   0.23301479928154445   52.14757917054294   1.1759096751892222
141   0.411510204082   9.92079962454835e-6   0.0   2   1   0   0.0   1.3871908620781248   0.0   5.121609318625633   31.134664121649998   0.0   0.8288155685319231   0.9731540117809999   17.498815700084997   23.287333524354995
142   0.319386727689   8.847733542709448e-5   0.0   3   1   0   0.0   1.3871908620781248   0.0   5.121609318625633   31.134664121649998   0.0   0.8288155685319231   0.9731540117809999   17.498815700084997   23.287333524354995
143   0.441975   8.098611938406817e-6   0.0   1   1   0   0.0   1.3871908620781248   0.0   5.121609318625633   31.134664121649998   0.0   0.8288155685319231   0.9731540117809999   17.498815700084997   23.287333524354995
144   0.324284289277   8.118858468252834e-5   0.0   4   1   0   0.0   1.3871908620781248   0.0   5.121609318625633   31.134664121649998   0.0   0.8288155685319231   0.9731540117809999   17.498815700084997   23.287333524354995
145   0.583090534979   4.919906752582141e-5   0.0   2   2   0   0.0   1.0510749344370833   0.72866101943275   25.689795854658332   24.9487518439   0.32664936589143   5.087676386349001   0.24934839151321003   12.729230109722   3.2005596446364004
146   1.07556357388   0.0001767522055557288   0.0   5   2   0   0.0   1.0510749344370833   0.72866101943275   25.689795854658332   24.9487518439   0.32664936589143   5.087676386349001   0.24934839151321003   12.729230109722   3.2005596446364004
147   0.496910447761   0.0003526945499176169   0.0   3   2   0   0.0   1.0510749344370833   0.72866101943275   25.689795854658332   24.9487518439   0.32664936589143   5.087676386349001   0.24934839151321003   12.729230109722   3.2005596446364004
148   0.580225352113   1.43750361906721e-5   0.0   1   2   0   0.0   1.0510749344370833   0.72866101943275   25.689795854658332   24.9487518439   0.32664936589143   5.087676386349001   0.24934839151321003   12.729230109722   3.2005596446364004
149   0.722631372549   0.0003614005577514042   0.0   4   2   0   0.0   1.0510749344370833   0.72866101943275   25.689795854658332   24.9487518439   0.32664936589143   5.087676386349001   0.24934839151321003   12.729230109722   3.2005596446364004
150   0.603346693387   0.00010103018393162504   0.0   2   2   0   0.0   0.6564489325366429   43.963008134862505   1.4771393494959   18.737585737291   1.203307631673143   3.0461253835189033   0.23301479928154445   52.14757917054294   1.1759096751892222
151   1.0079298419   0.0004097897640833849   0.0   5   2   0   0.0   0.6564489325366429   43.963008134862505   1.4771393494959   18.737585737291   1.203307631673143   3.0461253835189033   0.23301479928154445   52.14757917054294   1.1759096751892222
152   0.591295292088   0.0008214017158529114   0.0   3   2   0   0.0   0.6564489325366429   43.963008134862505   1.4771393494959   18.737585737291   1.203307631673143   3.0461253835189033   0.23301479928154445   52.14757917054294   1.1759096751892222
153   0.587562091503   9.293157199321822e-5   0.0   1   2   0   0.0   0.6564489325366429   43.963008134862505   1.4771393494959   18.737585737291   1.203307631673143   3.0461253835189033   0.23301479928154445   52.14757917054294   1.1759096751892222
154   0.753083236659   0.0006981003490906676   0.0   4   2   0   0.0   0.6564489325366429   43.963008134862505   1.4771393494959   18.737585737291   1.203307631673143   3.0461253835189033   0.23301479928154445   52.14757917054294   1.1759096751892222
155   0.10403307888   7.956886229484697e-5   0.0   2   1   0   0.0   7.182455786841429   2.1318455817188666   3.448211328412556   11.85631698727375   0.0   0.7444022876269952   1.2334097549787002   65.48950163230563   23.290944655831108
156   0.209804858934   0.0005166914416703549   0.0   5   1   0   0.0   7.182455786841429   2.1318455817188666   3.448211328412556   11.85631698727375   0.0   0.7444022876269952   1.2334097549787002   65.48950163230563   23.290944655831108
157   0.0894741474147   0.0005521228689008848   0.0   3   1   0   0.0   7.182455786841429   2.1318455817188666   3.448211328412556   11.85631698727375   0.0   0.7444022876269952   1.2334097549787002   65.48950163230563   23.290944655831108
158   0.12619193858   0.000527422102488744   0.0   4   1   0   0.0   7.182455786841429   2.1318455817188666   3.448211328412556   11.85631698727375   0.0   0.7444022876269952   1.2334097549787002   65.48950163230563   23.290944655831108
159   0.0882991188378   0.0008501517882342556   0.0   2   1   0   0.0   0.9514812409047165   16.923554168488   1.6793526894764   6.292027086705   0.0   0.8495583307505767   1.5354673513325892   33.94056780653105   0.0
160   0.265059578368   0.00022088964062004594   0.0   5   1   0   0.0   0.9514812409047165   16.923554168488   1.6793526894764   6.292027086705   0.0   0.8495583307505767   1.5354673513325892   33.94056780653105   0.0
161   0.0868302791574   0.0011821948777089352   0.0   3   1   0   0.0   0.9514812409047165   16.923554168488   1.6793526894764   6.292027086705   0.0   0.8495583307505767   1.5354673513325892   33.94056780653105   0.0
162   0.0969545256745   0.0009305305117229433   0.0   4   1   0   0.0   0.9514812409047165   16.923554168488   1.6793526894764   6.292027086705   0.0   0.8495583307505767   1.5354673513325892   33.94056780653105   0.0
163   0.96606779661   1.1945452609150054e-5   0.0   2   2   0   0.0   2.1831628741818996   6.464932748097734   0.5675931445371428   0.0   0.0   1.09089444642425   4.2262356495577995   26.442295358919544   0.0
164   1.47592881944   0.00011662001191305816   0.0   5   2   0   0.0   2.1831628741818996   6.464932748097734   0.5675931445371428   0.0   0.0   1.09089444642425   4.2262356495577995   26.442295358919544   0.0
165   0.637164110429   0.00013200737459603113   0.0   3   2   0   0.0   2.1831628741818996   6.464932748097734   0.5675931445371428   0.0   0.0   1.09089444642425   4.2262356495577995   26.442295358919544   0.0
166   1.12969230769   1.0528195519928862e-5   0.0   1   2   0   0.0   2.1831628741818996   6.464932748097734   0.5675931445371428   0.0   0.0   1.09089444642425   4.2262356495577995   26.442295358919544   0.0
167   0.814445887446   0.00023384741972149684   0.0   4   2   0   0.0   2.1831628741818996   6.464932748097734   0.5675931445371428   0.0   0.0   1.09089444642425   4.2262356495577995   26.442295358919544   0.0
168   0.247917121748   0.0006302744741065106   0.0   5   1   0   0.0   0.2927455865407923   60.14907987431646   1.0069628803438235   0.0   2.1533661424342   1.4333105818834704   5.583744477122104   37.225272740442506   0.0
169   0.0911072974644   0.0006547727752201912   0.0   3   1   0   0.0   0.2927455865407923   60.14907987431646   1.0069628803438235   0.0   2.1533661424342   1.4333105818834704   5.583744477122104   37.225272740442506   0.0
170   0.154688442211   4.0290594393573914e-5   0.0   1   1   0   0.0   0.2927455865407923   60.14907987431646   1.0069628803438235   0.0   2.1533661424342   1.4333105818834704   5.583744477122104   37.225272740442506   0.0
171   0.174787716956   0.0007582325427333383   0.0   4   1   0   0.0   0.2927455865407923   60.14907987431646   1.0069628803438235   0.0   2.1533661424342   1.4333105818834704   5.583744477122104   37.225272740442506   0.0
172   3.40670261438   6.195438132881215e-5   0.0   2   4   0   0.0   0.9466654255443935   0.0   5.093097090319444   4.094409469515   0.20239459552165   2.50367782355087   0.0   23.043019936840004   0.7581898866715556
173   8.02620066225   0.0003057226006748573   0.0   5   4   0   0.0   0.9466654255443935   0.0   5.093097090319444   4.094409469515   0.20239459552165   2.50367782355087   0.0   23.043019936840004   0.7581898866715556
174   2.95450323306   0.0007201690666228262   0.0   3   4   0   0.0   0.9466654255443935   0.0   5.093097090319444   4.094409469515   0.20239459552165   2.50367782355087   0.0   23.043019936840004   0.7581898866715556
175   4.99538358679   0.00077220264832709   0.0   4   4   0   0.0   0.9466654255443935   0.0   5.093097090319444   4.094409469515   0.20239459552165   2.50367782355087   0.0   23.043019936840004   0.7581898866715556
176   2.03472248804   8.463049475635124e-5   0.0   5   2   0   0.0   1.9863950368781664   2.3078752721626   3.8054077289217005   65.67635042629999   0.2533995496942   0.29157731208851667   3.5457182702881536   31.67557119059625   0.0
177   0.52375042987   0.0008242362300313538   0.0   3   2   0   0.0   1.9863950368781664   2.3078752721626   3.8054077289217005   65.67635042629999   0.2533995496942   0.29157731208851667   3.5457182702881536   31.67557119059625   0.0
178   0.498017316017   0.00018707793577719747   0.0   1   2   0   0.0   1.9863950368781664   2.3078752721626   3.8054077289217005   65.67635042629999   0.2533995496942   0.29157731208851667   3.5457182702881536   31.67557119059625   0.0
179   1.04529516228   0.0003306258323854583   0.0   4   2   0   0.0   1.9863950368781664   2.3078752721626   3.8054077289217005   65.67635042629999   0.2533995496942   0.29157731208851667   3.5457182702881536   31.67557119059625   0.0
180   0.247987878788   3.340677424592812e-5   0.0   2   1   0   0.0   0.82760876396925   3.6575267047514615   5.664943757558739   99.26672099218572   0.0   24.825431642070434   3.60037153423875   19.771832397154732   0.0
181   0.379398016997   0.00014294050071288032   0.0   5   1   0   0.0   0.82760876396925   3.6575267047514615   5.664943757558739   99.26672099218572   0.0   24.825431642070434   3.60037153423875   19.771832397154732   0.0
182   0.231928735632   8.807240483017414e-5   0.0   1   1   0   0.0   0.82760876396925   3.6575267047514615   5.664943757558739   99.26672099218572   0.0   24.825431642070434   3.60037153423875   19.771832397154732   0.0
183   0.2848934338   0.00018809026226949832   0.0   4   1   0   0.0   0.82760876396925   3.6575267047514615   5.664943757558739   99.26672099218572   0.0   24.825431642070434   3.60037153423875   19.771832397154732   0.0
184   3.4527   2.0246529846017042e-6   0.0   2   2   0   0.0   5.017751533807   34.310181969071536   29.273757079621646   103.53168987555   0.0   5.714848337557   4.44715273454955   241.42071859697873   65.3875111007
185   13.5075882353   3.441910073822897e-6   0.0   5   2   0   0.0   5.017751533807   34.310181969071536   29.273757079621646   103.53168987555   0.0   5.714848337557   4.44715273454955   241.42071859697873   65.3875111007
186   4.17260888889   4.5554692153538346e-5   0.0   3   2   0   0.0   5.017751533807   34.310181969071536   29.273757079621646   103.53168987555   0.0   5.714848337557   4.44715273454955   241.42071859697873   65.3875111007
187   4.21024242424   6.681354849185624e-6   0.0   1   2   0   0.0   5.017751533807   34.310181969071536   29.273757079621646   103.53168987555   0.0   5.714848337557   4.44715273454955   241.42071859697873   65.3875111007
188   5.01966176471   1.3767640295291589e-5   0.0   4   2   0   0.0   5.017751533807   34.310181969071536   29.273757079621646   103.53168987555   0.0   5.714848337557   4.44715273454955   241.42071859697873   65.3875111007
189   0.270795918367   3.96831984981934e-5   0.0   2   1   0   0.0   7.028420408942333   3.891026022160353   3.7984104324335006   21.684183288895003   1.6389870310458998   1.0969777820708333   11.28995650541793   47.54946414341938   63.36489594951555
190   6.05637777778   9.110938430707668e-6   0.0   5   1   0   0.0   7.028420408942333   3.891026022160353   3.7984104324335006   21.684183288895003   1.6389870310458998   1.0969777820708333   11.28995650541793   47.54946414341938   63.36489594951555
191   0.206823300971   0.00020853925741397554   0.0   3   1   0   0.0   7.028420408942333   3.891026022160353   3.7984104324335006   21.684183288895003   1.6389870310458998   1.0969777820708333   11.28995650541793   47.54946414341938   63.36489594951555
192   0.201850340136   2.976239887364505e-5   0.0   1   1   0   0.0   7.028420408942333   3.891026022160353   3.7984104324335006   21.684183288895003   1.6389870310458998   1.0969777820708333   11.28995650541793   47.54946414341938   63.36489594951555
193   1.75783397683   5.2438512301184136e-5   3.34   5   1   1   0.0   1.9863950368781664   2.3078752721626   3.8054077289217005   65.67635042629999   0.2533995496942   0.29157731208851667   3.5457182702881536   31.67557119059625   0.0
194   0.229873032752   0.0009519918333597213   3.34   3   1   1   0.0   1.9863950368781664   2.3078752721626   3.8054077289217005   65.67635042629999   0.2533995496942   0.29157731208851667   3.5457182702881536   31.67557119059625   0.0
195   0.394541614907   0.0004889536957813116   3.34   4   1   1   0.0   1.9863950368781664   2.3078752721626   3.8054077289217005   65.67635042629999   0.2533995496942   0.29157731208851667   3.5457182702881536   31.67557119059625   0.0
196   0.523922600619   6.539629140263505e-5   3.34   2   1   1   0.0   0.36308805377753334   1.6656416495012962   1.0884308319143106   65.52641295667001   1.92547666399   9.784136079735   8.968934597966001   18.5581241414   0.0
197   0.284624237495   0.0009957243378271182   3.34   3   1   1   0.0   0.36308805377753334   1.6656416495012962   1.0884308319143106   65.52641295667001   1.92547666399   9.784136079735   8.968934597966001   18.5581241414   0.0
198   0.537595761381   0.0005158815804765142   3.34   4   1   1   0.0   0.36308805377753334   1.6656416495012962   1.0884308319143106   65.52641295667001   1.92547666399   9.784136079735   8.968934597966001   18.5581241414   0.0
199   5.79133333333   1.0933126116849203e-5   3.34   5   1   1   0.0   2.4365064693509093   18.030609111935284   0.0   0.0   0.0   3.238556385647615   6.167166137631306   26.24790598289904   0.0
200   0.737505246166   0.0002508545047921512   3.34   4   1   1   0.0   2.4365064693509093   18.030609111935284   0.0   0.0   0.0   3.238556385647615   6.167166137631306   26.24790598289904   0.0
201   2.14101550388   5.223604700272397e-5   3.34   5   1   1   0.0   0.82760876396925   3.6575267047514615   5.664943757558739   99.26672099218572   0.0   24.825431642070434   3.60037153423875   19.771832397154732   0.0
202   0.714125776398   0.00013038765220834976   3.34   3   1   1   0.0   0.82760876396925   3.6575267047514615   5.664943757558739   99.26672099218572   0.0   24.825431642070434   3.60037153423875   19.771832397154732   0.0
203   20.4092222222   1.8221876861415338e-6   3.34   5   1   1   0.0   5.017751533807   34.310181969071536   29.273757079621646   103.53168987555   0.0   5.714848337557   4.44715273454955   241.42071859697873   65.3875111007
204   1.50978358209   2.7130349993662835e-5   3.34   3   1   1   0.0   5.017751533807   34.310181969071536   29.273757079621646   103.53168987555   0.0   5.714848337557   4.44715273454955   241.42071859697873   65.3875111007
205   2.02549758454   4.191031678125528e-5   3.34   4   1   1   0.0   5.017751533807   34.310181969071536   29.273757079621646   103.53168987555   0.0   5.714848337557   4.44715273454955   241.42071859697873   65.3875111007
206   11.9338   3.0369794769025564e-6   3.34   2   3   1   0.0   0.54618649003693   0.3660915721605286   1.5078844369065556   0.0   0.27493726930294005   4.719661813436832   1.2654183389366231   68.04555756084666   0.0
207   47.35065   8.098611938406817e-6   3.34   5   3   1   0.0   0.54618649003693   0.3660915721605286   1.5078844369065556   0.0   0.27493726930294005   4.719661813436832   1.2654183389366231   68.04555756084666   0.0
208   11.0675052632   7.693681341486476e-5   3.34   3   3   1   0.0   0.54618649003693   0.3660915721605286   1.5078844369065556   0.0   0.27493726930294005   4.719661813436832   1.2654183389366231   68.04555756084666   0.0
209   7.48040229885   1.7614480966034826e-5   3.34   1   3   1   0.0   0.54618649003693   0.3660915721605286   1.5078844369065556   0.0   0.27493726930294005   4.719661813436832   1.2654183389366231   68.04555756084666   0.0
210   18.8173084577   4.0695524990494256e-5   3.34   4   3   1   0.0   0.54618649003693   0.3660915721605286   1.5078844369065556   0.0   0.27493726930294005   4.719661813436832   1.2654183389366231   68.04555756084666   0.0
211   0.491551020408   2.976239887364505e-5   3.34   2   1   1   0.0   0.8720846149608   5.6512219997225674   24.214373592702   0.0   0.2128982353362   2.4756050778918803   1.4388318054968998   19.889744068634442   9.686351226301666
212   0.635504080119   0.0005458464446486195   3.34   5   1   1   0.0   0.8720846149608   5.6512219997225674   24.214373592702   0.0   0.2128982353362   2.4756050778918803   1.4388318054968998   19.889744068634442   9.686351226301666
213   0.249657903278   0.0006237955845557851   3.34   3   1   1   0.0   0.8720846149608   5.6512219997225674   24.214373592702   0.0   0.2128982353362   2.4756050778918803   1.4388318054968998   19.889744068634442   9.686351226301666
214   0.348944252874   0.0007045792386413931   3.34   4   1   1   0.0   0.8720846149608   5.6512219997225674   24.214373592702   0.0   0.2128982353362   2.4756050778918803   1.4388318054968998   19.889744068634442   9.686351226301666
215   0.277132809711   0.0005671053009869373   3.34   2   1   1   0.0   0.5218639314275266   3.6150664963486   10.891463953800686   0.0   0.22218244595361247   2.1000913764498037   2.3395740813209818   55.029824307275   9.7291692030983
216   0.331942590775   0.0008252485565236546   3.34   3   1   1   0.0   0.5218639314275266   3.6150664963486   10.891463953800686   0.0   0.22218244595361247   2.1000913764498037   2.3395740813209818   55.029824307275   9.7291692030983
217   0.63693052195   0.000585732108445273   3.34   4   1   1   0.0   0.5218639314275266   3.6150664963486   10.891463953800686   0.0   0.22218244595361247   2.1000913764498037   2.3395740813209818   55.029824307275   9.7291692030983
218   0.805097461611   0.0006460667673864038   3.34   3   2   1   0.0   0.9466654255443935   0.0   5.093097090319444   4.094409469515   0.20239459552165   2.50367782355087   0.0   23.043019936840004   0.7581898866715556
219   1.57112863071   0.0001463824107867032   3.34   2   2   1   0.0   0.6564489325366429   43.963008134862505   1.4771393494959   18.737585737291   1.203307631673143   3.0461253835189033   0.23301479928154445   52.14757917054294   1.1759096751892222
220   1.65653582555   0.00025996544322285883   3.34   3   2   1   0.0   0.6564489325366429   43.963008134862505   1.4771393494959   18.737585737291   1.203307631673143   3.0461253835189033   0.23301479928154445   52.14757917054294   1.1759096751892222
221   1.50150529101   7.653188281794442e-5   3.34   1   2   1   0.0   0.6564489325366429   43.963008134862505   1.4771393494959   18.737585737291   1.203307631673143   3.0461253835189033   0.23301479928154445   52.14757917054294   1.1759096751892222
222   2.57424429224   0.00017735960145110927   3.34   4   2   1   0.0   0.6564489325366429   43.963008134862505   1.4771393494959   18.737585737291   1.203307631673143   3.0461253835189033   0.23301479928154445   52.14757917054294   1.1759096751892222
223   0.92195   8.098611938406817e-6   0.0   2   1   1   0.0   2.4365064693509093   18.030609111935284   0.0   0.0   0.0   3.238556385647615   6.167166137631306   26.24790598289904   0.0
224   5.962   1.0123264923008521e-6   0.0   1   1   1   0.0   2.4365064693509093   18.030609111935284   0.0   0.0   0.0   3.238556385647615   6.167166137631306   26.24790598289904   0.0
225   0.925223300971   0.00010426962870698777   0.0   4   1   1   0.0   2.4365064693509093   18.030609111935284   0.0   0.0   0.0   3.238556385647615   6.167166137631306   26.24790598289904   0.0
226   7.48176171875   5.183111640580363e-5   0.0   5   2   1   0.0   7.9725843960943745   0.0   2.3938855663046668   36.50758139611667   0.3599346115465   6.1119986222122495   0.0   43.12911224052846   0.0
227   5.15389208633   5.6285352971927376e-5   0.0   4   2   1   0.0   7.9725843960943745   0.0   2.3938855663046668   36.50758139611667   0.3599346115465   6.1119986222122495   0.0   43.12911224052846   0.0
228   7.08164651163   4.353003916893664e-5   0.0   5   2   1   0.0   2.72728525641   16.164233217148332   7.575539984230583   0.0   0.0   4.150851575878501   28.503292678853935   4.214959138328   0.0
229   19.2443461538   5.264097759964431e-6   0.0   4   2   1   0.0   2.72728525641   16.164233217148332   7.575539984230583   0.0   0.0   4.150851575878501   28.503292678853935   4.214959138328   0.0
230   0.4969175   8.098611938406817e-5   0.0   2   1   1   0.0   0.54618649003693   0.3660915721605286   1.5078844369065556   0.0   0.27493726930294005   4.719661813436832   1.2654183389366231   68.04555756084666   0.0
231   1.16283249158   0.00024052877457068247   0.0   5   1   1   0.0   0.54618649003693   0.3660915721605286   1.5078844369065556   0.0   0.27493726930294005   4.719661813436832   1.2654183389366231   68.04555756084666   0.0
232   0.361935655254   0.0006859524311830573   0.0   3   1   1   0.0   0.54618649003693   0.3660915721605286   1.5078844369065556   0.0   0.27493726930294005   4.719661813436832   1.2654183389366231   68.04555756084666   0.0
233   0.394853448276   2.348597462137977e-5   0.0   1   1   1   0.0   0.54618649003693   0.3660915721605286   1.5078844369065556   0.0   0.27493726930294005   4.719661813436832   1.2654183389366231   68.04555756084666   0.0
234   0.742037860577   0.0003369022566377236   0.0   4   1   1   0.0   0.54618649003693   0.3660915721605286   1.5078844369065556   0.0   0.27493726930294005   4.719661813436832   1.2654183389366231   68.04555756084666   0.0
235   3.65119379845   2.6118023501361986e-5   0.0   2   3   1   0.0   0.5218639314275266   3.6150664963486   10.891463953800686   0.0   0.22218244595361247   2.1000913764498037   2.3395740813209818   55.029824307275   9.7291692030983
236   4.14441696113   5.7297679464228226e-5   0.0   3   3   1   0.0   0.5218639314275266   3.6150664963486   10.891463953800686   0.0   0.22218244595361247   2.1000913764498037   2.3395740813209818   55.029824307275   9.7291692030983
237   3.50864583333   1.943666865217636e-5   0.0   1   3   1   0.0   0.5218639314275266   3.6150664963486   10.891463953800686   0.0   0.22218244595361247   2.1000913764498037   2.3395740813209818   55.029824307275   9.7291692030983
238   7.93311585366   3.3204308947467946e-5   0.0   4   3   1   0.0   0.5218639314275266   3.6150664963486   10.891463953800686   0.0   0.22218244595361247   2.1000913764498037   2.3395740813209818   55.029824307275   9.7291692030983
239   1.45672631579   1.923420335371619e-5   0.0   2   2   1   0.0   0.36308805377753334   1.6656416495012962   1.0884308319143106   65.52641295667001   1.92547666399   9.784136079735   8.968934597966001   18.5581241414   0.0
240   3.98212380952   6.377656901495368e-5   0.0   5   2   1   0.0   0.36308805377753334   1.6656416495012962   1.0884308319143106   65.52641295667001   1.92547666399   9.784136079735   8.968934597966001   18.5581241414   0.0
241   1.21109396914   0.00014435775780210152   0.0   3   2   1   0.0   0.36308805377753334   1.6656416495012962   1.0884308319143106   65.52641295667001   1.92547666399   9.784136079735   8.968934597966001   18.5581241414   0.0
242   1.12170512821   1.579229327989329e-5   0.0   1   2   1   0.0   0.36308805377753334   1.6656416495012962   1.0884308319143106   65.52641295667001   1.92547666399   9.784136079735   8.968934597966001   18.5581241414   0.0
243   2.1783637931   0.00011742987310689885   0.0   4   2   1   0.0   0.36308805377753334   1.6656416495012962   1.0884308319143106   65.52641295667001   1.92547666399   9.784136079735   8.968934597966001   18.5581241414   0.0
244   0.316978779841   7.632941751948424e-5   0.0   2   1   1   0.0   2.4935190935987857   2.636619928233329   3.748936545974367   0.0   0.0   0.8601462889672501   17.867634705460684   17.591298068874053   0.0
245   0.900823053589   0.00020023818017710855   0.0   5   1   1   0.0   2.4935190935987857   2.636619928233329   3.748936545974367   0.0   0.0   0.8601462889672501   17.867634705460684   17.591298068874053   0.0
246   0.314666481687   0.0003648424678252271   0.0   3   1   1   0.0   2.4935190935987857   2.636619928233329   3.748936545974367   0.0   0.0   0.8601462889672501   17.867634705460684   17.591298068874053   0.0
247   0.503851428571   0.00021258856338317894   0.0   4   1   1   0.0   2.4935190935987857   2.636619928233329   3.748936545974367   0.0   0.0   0.8601462889672501   17.867634705460684   17.591298068874053   0.0
248   0.331805951643   0.0003265765264162549   0.0   2   1   1   0.0   1.0510749344370833   0.72866101943275   25.689795854658332   24.9487518439   0.32664936589143   5.087676386349001   0.24934839151321003   12.729230109722   3.2005596446364004
249   2.8497255814   4.353003916893664e-5   0.0   5   1   1   0.0   1.0510749344370833   0.72866101943275   25.689795854658332   24.9487518439   0.32664936589143   5.087676386349001   0.24934839151321003   12.729230109722   3.2005596446364004
250   0.344178711285   0.0005687250233746187   0.0   3   1   1   0.0   1.0510749344370833   0.72866101943275   25.689795854658332   24.9487518439   0.32664936589143   5.087676386349001   0.24934839151321003   12.729230109722   3.2005596446364004
251   0.333520504732   0.00019254449883562207   0.0   1   1   1   0.0   1.0510749344370833   0.72866101943275   25.689795854658332   24.9487518439   0.32664936589143   5.087676386349001   0.24934839151321003   12.729230109722   3.2005596446364004
252   0.614751390672   0.00047316140250141825   0.0   4   1   1   0.0   1.0510749344370833   0.72866101943275   25.689795854658332   24.9487518439   0.32664936589143   5.087676386349001   0.24934839151321003   12.729230109722   3.2005596446364004
253   1.08081028939   6.2966707821113e-5   0.0   2   1   1   0.0   2.4935190935987857   2.636619928233329   3.748936545974367   0.0   0.0   0.8601462889672501   17.867634705460684   17.591298068874053   0.0
254   3.21956280587   0.00012411122795608447   0.0   5   1   1   0.0   2.4935190935987857   2.636619928233329   3.748936545974367   0.0   0.0   0.8601462889672501   17.867634705460684   17.591298068874053   0.0
255   0.50849666333   0.0012135769989702614   0.0   3   1   1   0.0   2.4935190935987857   2.636619928233329   3.748936545974367   0.0   0.0   0.8601462889672501   17.867634705460684   17.591298068874053   0.0
256   0.487577142857   0.0002480199906137088   0.0   1   1   1   0.0   2.4935190935987857   2.636619928233329   3.748936545974367   0.0   0.0   0.8601462889672501   17.867634705460684   17.591298068874053   0.0
257   1.14265403477   0.00045412966444616226   0.0   4   1   1   0.0   2.4935190935987857   2.636619928233329   3.748936545974367   0.0   0.0   0.8601462889672501   17.867634705460684   17.591298068874053   0.0
258   4.25377247191   7.207764625182067e-5   0.0   5   2   1   0.0   7.028420408942333   3.891026022160353   3.7984104324335006   21.684183288895003   1.6389870310458998   1.0969777820708333   11.28995650541793   47.54946414341938   63.36489594951555
259   7.34616666667   4.85916716304409e-6   0.0   4   2   1   0.0   7.028420408942333   3.891026022160353   3.7984104324335006   21.684183288895003   1.6389870310458998   1.0969777820708333   11.28995650541793   47.54946414341938   63.36489594951555
260   2.68525   3.2394447753627268e-6   0.0   2   2   1   0.0   7.182455786841429   2.1318455817188666   3.448211328412556   11.85631698727375   0.0   0.7444022876269952   1.2334097549787002   65.48950163230563   23.290944655831108
261   5.1742008547   4.737687983967988e-5   0.0   5   2   1   0.0   7.182455786841429   2.1318455817188666   3.448211328412556   11.85631698727375   0.0   0.7444022876269952   1.2334097549787002   65.48950163230563   23.290944655831108
262   1.97245098039   5.162865110734346e-5   0.0   3   2   1   0.0   7.182455786841429   2.1318455817188666   3.448211328412556   11.85631698727375   0.0   0.7444022876269952   1.2334097549787002   65.48950163230563   23.290944655831108
263   2.87269908815   6.661108319339606e-5   0.0   4   2   1   0.0   7.182455786841429   2.1318455817188666   3.448211328412556   11.85631698727375   0.0   0.7444022876269952   1.2334097549787002   65.48950163230563   23.290944655831108
264   2.31267213115   1.2350383206070395e-5   0.0   2   2   1   0.0   0.2927455865407923   60.14907987431646   1.0069628803438235   0.0   2.1533661424342   1.4333105818834704   5.583744477122104   37.225272740442506   0.0
265   1.59741818182   8.908473132247498e-5   0.0   3   2   1   0.0   0.2927455865407923   60.14907987431646   1.0069628803438235   0.0   2.1533661424342   1.4333105818834704   5.583744477122104   37.225272740442506   0.0
266   1.40086885246   1.2350383206070395e-5   0.0   1   2   1   0.0   0.2927455865407923   60.14907987431646   1.0069628803438235   0.0   2.1533661424342   1.4333105818834704   5.583744477122104   37.225272740442506   0.0
267   8.08841935484   2.5105697009061133e-5   0.0   3   3   1   0.0   0.36308805377753334   1.6656416495012962   1.0884308319143106   65.52641295667001   1.92547666399   9.784136079735   8.968934597966001   18.5581241414   0.0
268   11.4414   5.669028356884772e-5   0.0   4   3   1   0.0   0.36308805377753334   1.6656416495012962   1.0884308319143106   65.52641295667001   1.92547666399   9.784136079735   8.968934597966001   18.5581241414   0.0
269   0.304397660819   6.924313207337829e-5   0.0   2   1   1   0.0   0.6564489325366429   43.963008134862505   1.4771393494959   18.737585737291   1.203307631673143   3.0461253835189033   0.23301479928154445   52.14757917054294   1.1759096751892222
270   0.639599160546   0.0001929494294325424   0.0   5   1   1   0.0   0.6564489325366429   43.963008134862505   1.4771393494959   18.737585737291   1.203307631673143   3.0461253835189033   0.23301479928154445   52.14757917054294   1.1759096751892222
271   0.231275294118   0.0007744297666101519   0.0   3   1   1   0.0   0.6564489325366429   43.963008134862505   1.4771393494959   18.737585737291   1.203307631673143   3.0461253835189033   0.23301479928154445   52.14757917054294   1.1759096751892222
272   0.247053953488   0.0002176501958446832   0.0   1   1   1   0.0   0.6564489325366429   43.963008134862505   1.4771393494959   18.737585737291   1.203307631673143   3.0461253835189033   0.23301479928154445   52.14757917054294   1.1759096751892222
273   0.354038461538   0.00037901503871743905   0.0   4   1   1   0.0   0.6564489325366429   43.963008134862505   1.4771393494959   18.737585737291   1.203307631673143   3.0461253835189033   0.23301479928154445   52.14757917054294   1.1759096751892222
274   0.466572972973   0.00014982432086052612   0.0   2   1   1   0.0   0.8720846149608   5.6512219997225674   24.214373592702   0.0   0.2128982353362   2.4756050778918803   1.4388318054968998   19.889744068634442   9.686351226301666
275   0.811866731834   0.000621366000974263   0.0   5   1   1   0.0   0.8720846149608   5.6512219997225674   24.214373592702   0.0   0.2128982353362   2.4756050778918803   1.4388318054968998   19.889744068634442   9.686351226301666
276   0.279349833887   0.0012188410967302258   0.0   3   1   1   0.0   0.8720846149608   5.6512219997225674   24.214373592702   0.0   0.2128982353362   2.4756050778918803   1.4388318054968998   19.889744068634442   9.686351226301666
277   0.346573333333   6.0739589538051124e-5   0.0   1   1   1   0.0   0.8720846149608   5.6512219997225674   24.214373592702   0.0   0.2128982353362   2.4756050778918803   1.4388318054968998   19.889744068634442   9.686351226301666
278   0.458595085995   0.0008240337647328936   0.0   4   1   1   0.0   0.8720846149608   5.6512219997225674   24.214373592702   0.0   0.2128982353362   2.4756050778918803   1.4388318054968998   19.889744068634442   9.686351226301666
279   0.32336031746   0.00012755313802990736   0.0   2   1   1   0.0   0.9466654255443935   0.0   5.093097090319444   4.094409469515   0.20239459552165   2.50367782355087   0.0   23.043019936840004   0.7581898866715556
280   0.656007888631   0.00043631271818166725   0.0   5   1   1   0.0   0.9466654255443935   0.0   5.093097090319444   4.094409469515   0.20239459552165   2.50367782355087   0.0   23.043019936840004   0.7581898866715556
281   0.256986026731   0.0009997736437963216   0.0   3   1   1   0.0   0.9466654255443935   0.0   5.093097090319444   4.094409469515   0.20239459552165   2.50367782355087   0.0   23.043019936840004   0.7581898866715556
282   0.342864285714   8.503542535327158e-5   0.0   1   1   1   0.0   0.9466654255443935   0.0   5.093097090319444   4.094409469515   0.20239459552165   2.50367782355087   0.0   23.043019936840004   0.7581898866715556
283   0.351267678638   0.0005468587711409203   0.0   4   1   1   0.0   0.9466654255443935   0.0   5.093097090319444   4.094409469515   0.20239459552165   2.50367782355087   0.0   23.043019936840004   0.7581898866715556
284   2.23105945946   3.745608021513153e-5   0.0   3   1   1   0.0   0.0   15.19563414882   0.0   146.111528023625   0.0   0.0   7.300950822538001   66.1855751085043   38.31396290875
285   2.46778018576   6.539629140263505e-5   0.0   4   1   1   0.0   0.0   15.19563414882   0.0   146.111528023625   0.0   0.0   7.300950822538001   66.1855751085043   38.31396290875
286   1.71733333333   2.5510627605981472e-5   0.0   2   2   1   0.0   2.1787524912276695   0.7381127094102   10.448669055125   0.0   2.0208492940488334   6.201143247297474   37.55268473983269   40.28306366620389   2.417986762218143
287   24.37444   1.0123264923008521e-5   0.0   5   2   1   0.0   2.1787524912276695   0.7381127094102   10.448669055125   0.0   2.0208492940488334   6.201143247297474   37.55268473983269   40.28306366620389   2.417986762218143
288   2.00205755396   5.6285352971927376e-5   0.0   3   2   1   0.0   2.1787524912276695   0.7381127094102   10.448669055125   0.0   2.0208492940488334   6.201143247297474   37.55268473983269   40.28306366620389   2.417986762218143
289   1.52109589041   1.477996678759244e-5   0.0   1   2   1   0.0   2.1787524912276695   0.7381127094102   10.448669055125   0.0   2.0208492940488334   6.201143247297474   37.55268473983269   40.28306366620389   2.417986762218143
290   4.9002173913   4.191031678125528e-5   0.0   4   2   1   0.0   2.1787524912276695   0.7381127094102   10.448669055125   0.0   2.0208492940488334   6.201143247297474   37.55268473983269   40.28306366620389   2.417986762218143
291   13.9709   2.0246529846017042e-6   0.0   2   4   1   0.0   0.54618649003693   0.3660915721605286   1.5078844369065556   0.0   0.27493726930294005   4.719661813436832   1.2654183389366231   68.04555756084666   0.0
292   42.0525526316   7.693681341486476e-6   0.0   5   4   1   0.0   0.54618649003693   0.3660915721605286   1.5078844369065556   0.0   0.27493726930294005   4.719661813436832   1.2654183389366231   68.04555756084666   0.0
293   11.9554216867   1.6804619772194144e-5   0.0   3   4   1   0.0   0.54618649003693   0.3660915721605286   1.5078844369065556   0.0   0.27493726930294005   4.719661813436832   1.2654183389366231   68.04555756084666   0.0
294   21.5496415094   1.0730660818389032e-5   0.0   4   4   1   0.0   0.54618649003693   0.3660915721605286   1.5078844369065556   0.0   0.27493726930294005   4.719661813436832   1.2654183389366231   68.04555756084666   0.0
295   2.75910696095   0.00011925206079304038   0.0   5   2   1   0.0   0.8720846149608   5.6512219997225674   24.214373592702   0.0   0.2128982353362   2.4756050778918803   1.4388318054968998   19.889744068634442   9.686351226301666
296   1.27931365314   0.00010973619176541237   0.0   3   2   1   0.0   0.8720846149608   5.6512219997225674   24.214373592702   0.0   0.2128982353362   2.4756050778918803   1.4388318054968998   19.889744068634442   9.686351226301666
297   1.59229032258   6.276424252265283e-6   0.0   1   2   1   0.0   0.8720846149608   5.6512219997225674   24.214373592702   0.0   0.2128982353362   2.4756050778918803   1.4388318054968998   19.889744068634442   9.686351226301666
298   1.64944621027   0.0001656166141404194   0.0   4   2   1   0.0   0.8720846149608   5.6512219997225674   24.214373592702   0.0   0.2128982353362   2.4756050778918803   1.4388318054968998   19.889744068634442   9.686351226301666
299   2.051   4.85916716304409e-6   0.0   2   2   1   0.0   2.1831628741818996   6.464932748097734   0.5675931445371428   0.0   0.0   1.09089444642425   4.2262356495577995   26.442295358919544   0.0
300   4.6811377551   3.96831984981934e-5   0.0   5   2   1   0.0   2.1831628741818996   6.464932748097734   0.5675931445371428   0.0   0.0   1.09089444642425   4.2262356495577995   26.442295358919544   0.0
301   1.96654411765   4.130292088587476e-5   0.0   3   2   1   0.0   2.1831628741818996   6.464932748097734   0.5675931445371428   0.0   0.0   1.09089444642425   4.2262356495577995   26.442295358919544   0.0
302   2.7005   8.098611938406817e-7   0.0   1   2   1   0.0   2.1831628741818996   6.464932748097734   0.5675931445371428   0.0   0.0   1.09089444642425   4.2262356495577995   26.442295358919544   0.0
303   0.288168631006   0.00022331922420156796   0.0   2   1   1   0.0   7.182455786841429   2.1318455817188666   3.448211328412556   11.85631698727375   0.0   0.7444022876269952   1.2334097549787002   65.48950163230563   23.290944655831108
304   2.34805095541   3.1787051858246754e-5   0.0   5   1   1   0.0   7.182455786841429   2.1318455817188666   3.448211328412556   11.85631698727375   0.0   0.7444022876269952   1.2334097549787002   65.48950163230563   23.290944655831108
305   0.312556969346   0.00035006250103763466   0.0   3   1   1   0.0   7.182455786841429   2.1318455817188666   3.448211328412556   11.85631698727375   0.0   0.7444022876269952   1.2334097549787002   65.48950163230563   23.290944655831108
306   0.684570799707   0.0002759602018012123   0.0   4   1   1   0.0   7.182455786841429   2.1318455817188666   3.448211328412556   11.85631698727375   0.0   0.7444022876269952   1.2334097549787002   65.48950163230563   23.290944655831108
307   1.18094117647   6.883820147645794e-6   0.0   2   2   1   0.0   7.028420408942333   3.891026022160353   3.7984104324335006   21.684183288895003   1.6389870310458998   1.0969777820708333   11.28995650541793   47.54946414341938   63.36489594951555
308   31.5342857143   1.417257089221193e-6   0.0   5   2   1   0.0   7.028420408942333   3.891026022160353   3.7984104324335006   21.684183288895003   1.6389870310458998   1.0969777820708333   11.28995650541793   47.54946414341938   63.36489594951555
309   1.0786975089   5.689274886730789e-5   0.0   3   2   1   0.0   7.028420408942333   3.891026022160353   3.7984104324335006   21.684183288895003   1.6389870310458998   1.0969777820708333   11.28995650541793   47.54946414341938   63.36489594951555
310   1.42445   4.0493059692034085e-6   0.0   1   2   1   0.0   7.028420408942333   3.891026022160353   3.7984104324335006   21.684183288895003   1.6389870310458998   1.0969777820708333   11.28995650541793   47.54946414341938   63.36489594951555
311   1.87785714286   3.543142723052982e-5   0.0   4   2   1   0.0   7.028420408942333   3.891026022160353   3.7984104324335006   21.684183288895003   1.6389870310458998   1.0969777820708333   11.28995650541793   47.54946414341938   63.36489594951555
312   0.236146209386   0.00022433155069386882   0.0   2   1   1   0.0   0.9514812409047165   16.923554168488   1.6793526894764   6.292027086705   0.0   0.8495583307505767   1.5354673513325892   33.94056780653105   0.0
313   0.891024   2.5308162307521304e-5   0.0   5   1   1   0.0   0.9514812409047165   16.923554168488   1.6793526894764   6.292027086705   0.0   0.8495583307505767   1.5354673513325892   33.94056780653105   0.0
314   0.225820512821   0.00016581907943887957   0.0   1   1   1   0.0   0.9514812409047165   16.923554168488   1.6793526894764   6.292027086705   0.0   0.8495583307505767   1.5354673513325892   33.94056780653105   0.0
315   0.410685393258   3.603882312591034e-5   0.0   2   1   1   0.0   7.9725843960943745   0.0   2.3938855663046668   36.50758139611667   0.3599346115465   6.1119986222122495   0.0   43.12911224052846   0.0
316   3.09983098592   1.43750361906721e-5   0.0   5   1   1   0.0   7.9725843960943745   0.0   2.3938855663046668   36.50758139611667   0.3599346115465   6.1119986222122495   0.0   43.12911224052846   0.0
317   0.524120667522   0.00015772046750047277   0.0   4   1   1   0.0   7.9725843960943745   0.0   2.3938855663046668   36.50758139611667   0.3599346115465   6.1119986222122495   0.0   43.12911224052846   0.0
318   0.261603133159   7.754420931024527e-5   0.0   2   1   1   0.0   0.6564489325366429   43.963008134862505   1.4771393494959   18.737585737291   1.203307631673143   3.0461253835189033   0.23301479928154445   52.14757917054294   1.1759096751892222
319   0.572920261438   0.00030977190664406074   0.0   5   1   1   0.0   0.6564489325366429   43.963008134862505   1.4771393494959   18.737585737291   1.203307631673143   3.0461253835189033   0.23301479928154445   52.14757917054294   1.1759096751892222
320   0.225896658897   0.0005211456782364787   0.0   3   1   1   0.0   0.6564489325366429   43.963008134862505   1.4771393494959   18.737585737291   1.203307631673143   3.0461253835189033   0.23301479928154445   52.14757917054294   1.1759096751892222
321   0.98045   4.0493059692034085e-6   0.0   2   1   1   0.0   1.3871908620781248   0.0   5.121609318625633   31.134664121649998   0.0   0.8288155685319231   0.9731540117809999   17.498815700084997   23.287333524354995
322   0.861124324324   3.745608021513153e-5   0.0   3   1   1   0.0   1.3871908620781248   0.0   5.121609318625633   31.134664121649998   0.0   0.8288155685319231   0.9731540117809999   17.498815700084997   23.287333524354995
323   2.1358   3.0369794769025564e-6   0.0   1   1   1   0.0   1.3871908620781248   0.0   5.121609318625633   31.134664121649998   0.0   0.8288155685319231   0.9731540117809999   17.498815700084997   23.287333524354995
324   1.07846103896   3.117965596286625e-5   0.0   4   1   1   0.0   1.3871908620781248   0.0   5.121609318625633   31.134664121649998   0.0   0.8288155685319231   0.9731540117809999   17.498815700084997   23.287333524354995
325   2.11680769231   5.264097759964431e-6   0.0   2   2   1   0.0   1.0510749344370833   0.72866101943275   25.689795854658332   24.9487518439   0.32664936589143   5.087676386349001   0.24934839151321003   12.729230109722   3.2005596446364004
326   3.7575125   3.239444775362727e-5   0.0   5   2   1   0.0   1.0510749344370833   0.72866101943275   25.689795854658332   24.9487518439   0.32664936589143   5.087676386349001   0.24934839151321003   12.729230109722   3.2005596446364004
327   1.71329100529   3.826594140897221e-5   0.0   3   2   1   0.0   1.0510749344370833   0.72866101943275   25.689795854658332   24.9487518439   0.32664936589143   5.087676386349001   0.24934839151321003   12.729230109722   3.2005596446364004
328   1.59861290323   6.276424252265283e-6   0.0   1   2   1   0.0   1.0510749344370833   0.72866101943275   25.689795854658332   24.9487518439   0.32664936589143   5.087676386349001   0.24934839151321003   12.729230109722   3.2005596446364004
329   2.38630044843   4.5149761556618004e-5   0.0   4   2   1   0.0   1.0510749344370833   0.72866101943275   25.689795854658332   24.9487518439   0.32664936589143   5.087676386349001   0.24934839151321003   12.729230109722   3.2005596446364004
330   3.4810994898   7.93663969963868e-5   0.0   5   2   1   0.0   0.6564489325366429   43.963008134862505   1.4771393494959   18.737585737291   1.203307631673143   3.0461253835189033   0.23301479928154445   52.14757917054294   1.1759096751892222
331   1.65792898551   0.00013970105593751758   0.0   3   2   1   0.0   0.6564489325366429   43.963008134862505   1.4771393494959   18.737585737291   1.203307631673143   3.0461253835189033   0.23301479928154445   52.14757917054294   1.1759096751892222
332   1.53485483871   1.2552848504530566e-5   0.0   1   2   1   0.0   0.6564489325366429   43.963008134862505   1.4771393494959   18.737585737291   1.203307631673143   3.0461253835189033   0.23301479928154445   52.14757917054294   1.1759096751892222
333   2.39878318584   9.151431490399704e-5   0.0   4   2   1   0.0   0.6564489325366429   43.963008134862505   1.4771393494959   18.737585737291   1.203307631673143   3.0461253835189033   0.23301479928154445   52.14757917054294   1.1759096751892222
334   0.414564102564   4.737687983967988e-5   0.0   2   1   1   0.0   7.182455786841429   2.1318455817188666   3.448211328412556   11.85631698727375   0.0   0.7444022876269952   1.2334097549787002   65.48950163230563   23.290944655831108
335   1.16930810811   0.00011236824064539458   0.0   5   1   1   0.0   7.182455786841429   2.1318455817188666   3.448211328412556   11.85631698727375   0.0   0.7444022876269952   1.2334097549787002   65.48950163230563   23.290944655831108
336   0.275792307692   0.000342166354397688   0.0   3   1   1   0.0   7.182455786841429   2.1318455817188666   3.448211328412556   11.85631698727375   0.0   0.7444022876269952   1.2334097549787002   65.48950163230563   23.290944655831108
337   0.618203342618   0.00021805512644160354   0.0   4   1   1   0.0   7.182455786841429   2.1318455817188666   3.448211328412556   11.85631698727375   0.0   0.7444022876269952   1.2334097549787002   65.48950163230563   23.290944655831108
338   0.254726125137   0.0003688917737944305   0.0   2   1   1   0.0   0.9514812409047165   16.923554168488   1.6793526894764   6.292027086705   0.0   0.8495583307505767   1.5354673513325892   33.94056780653105   0.0
339   1.61487391304   4.6567018645839196e-5   0.0   5   1   1   0.0   0.9514812409047165   16.923554168488   1.6793526894764   6.292027086705   0.0   0.8495583307505767   1.5354673513325892   33.94056780653105   0.0
340   0.278652957486   0.0004381349058678088   0.0   3   1   1   0.0   0.9514812409047165   16.923554168488   1.6793526894764   6.292027086705   0.0   0.8495583307505767   1.5354673513325892   33.94056780653105   0.0
341   0.441305316456   0.0003998689644588366   0.0   4   1   1   0.0   0.9514812409047165   16.923554168488   1.6793526894764   6.292027086705   0.0   0.8495583307505767   1.5354673513325892   33.94056780653105   0.0
342   2.3592   4.0493059692034085e-6   0.0   2   2   1   0.0   2.1831628741818996   6.464932748097734   0.5675931445371428   0.0   0.0   1.09089444642425   4.2262356495577995   26.442295358919544   0.0
343   5.08066857143   3.543142723052982e-5   0.0   5   2   1   0.0   2.1831628741818996   6.464932748097734   0.5675931445371428   0.0   0.0   1.09089444642425   4.2262356495577995   26.442295358919544   0.0
344   2.05692613636   3.5633892528989995e-5   0.0   3   2   1   0.0   2.1831628741818996   6.464932748097734   0.5675931445371428   0.0   0.0   1.09089444642425   4.2262356495577995   26.442295358919544   0.0
345   2.37828571429   1.417257089221193e-6   0.0   1   2   1   0.0   2.1831628741818996   6.464932748097734   0.5675931445371428   0.0   0.0   1.09089444642425   4.2262356495577995   26.442295358919544   0.0
346   3.19448447205   3.259691305208744e-5   0.0   4   2   1   0.0   2.1831628741818996   6.464932748097734   0.5675931445371428   0.0   0.0   1.09089444642425   4.2262356495577995   26.442295358919544   0.0
347   1.09291982665   0.0001868754704787373   0.0   5   1   1   0.0   0.2927455865407923   60.14907987431646   1.0069628803438235   0.0   2.1533661424342   1.4333105818834704   5.583744477122104   37.225272740442506   0.0
348   0.28133604888   0.0003976418461757747   0.0   3   1   1   0.0   0.2927455865407923   60.14907987431646   1.0069628803438235   0.0   2.1533661424342   1.4333105818834704   5.583744477122104   37.225272740442506   0.0
349   0.3275   3.117965596286625e-5   0.0   1   1   1   0.0   0.2927455865407923   60.14907987431646   1.0069628803438235   0.0   2.1533661424342   1.4333105818834704   5.583744477122104   37.225272740442506   0.0
350   0.675991947291   0.0002765675976965928   0.0   4   1   1   0.0   0.2927455865407923   60.14907987431646   1.0069628803438235   0.0   2.1533661424342   1.4333105818834704   5.583744477122104   37.225272740442506   0.0
351   10.7904615385   5.264097759964431e-6   0.0   2   4   1   0.0   0.9466654255443935   0.0   5.093097090319444   4.094409469515   0.20239459552165   2.50367782355087   0.0   23.043019936840004   0.7581898866715556
352   33.0737614679   2.2068717532158577e-5   0.0   5   4   1   0.0   0.9466654255443935   0.0   5.093097090319444   4.094409469515   0.20239459552165   2.50367782355087   0.0   23.043019936840004   0.7581898866715556
353   9.57852589641   5.081878991350277e-5   0.0   3   4   1   0.0   0.9466654255443935   0.0   5.093097090319444   4.094409469515   0.20239459552165   2.50367782355087   0.0   23.043019936840004   0.7581898866715556
354   18.9458309859   4.31251085720163e-5   0.0   4   4   1   0.0   0.9466654255443935   0.0   5.093097090319444   4.094409469515   0.20239459552165   2.50367782355087   0.0   23.043019936840004   0.7581898866715556
355   9.71421590909   1.7816946264494997e-5   0.0   5   2   1   0.0   1.9863950368781664   2.3078752721626   3.8054077289217005   65.67635042629999   0.2533995496942   0.29157731208851667   3.5457182702881536   31.67557119059625   0.0
356   1.65181302774   0.00016784373242348128   0.0   3   2   1   0.0   1.9863950368781664   2.3078752721626   3.8054077289217005   65.67635042629999   0.2533995496942   0.29157731208851667   3.5457182702881536   31.67557119059625   0.0
357   1.48731223629   4.798427573506039e-5   0.0   1   2   1   0.0   1.9863950368781664   2.3078752721626   3.8054077289217005   65.67635042629999   0.2533995496942   0.29157731208851667   3.5457182702881536   31.67557119059625   0.0
358   4.33692634561   7.147025035644016e-5   0.0   4   2   1   0.0   1.9863950368781664   2.3078752721626   3.8054077289217005   65.67635042629999   0.2533995496942   0.29157731208851667   3.5457182702881536   31.67557119059625   0.0
359   0.693632911392   1.5994758578353463e-5   0.0   1   1   1   0.0   0.82760876396925   3.6575267047514615   5.664943757558739   99.26672099218572   0.0   24.825431642070434   3.60037153423875   19.771832397154732   0.0
360   13.4165454545   2.2271182830618747e-6   0.0   2   2   1   0.0   5.017751533807   34.310181969071536   29.273757079621646   103.53168987555   0.0   5.714848337557   4.44715273454955   241.42071859697873   65.3875111007
361   192.115   4.0493059692034085e-7   0.0   5   2   1   0.0   5.017751533807   34.310181969071536   29.273757079621646   103.53168987555   0.0   5.714848337557   4.44715273454955   241.42071859697873   65.3875111007
362   13.2154032258   1.2552848504530566e-5   0.0   3   2   1   0.0   5.017751533807   34.310181969071536   29.273757079621646   103.53168987555   0.0   5.714848337557   4.44715273454955   241.42071859697873   65.3875111007
363   12.6   2.834514178442386e-6   0.0   1   2   1   0.0   5.017751533807   34.310181969071536   29.273757079621646   103.53168987555   0.0   5.714848337557   4.44715273454955   241.42071859697873   65.3875111007
364   15.24192   5.061632461504261e-6   0.0   4   2   1   0.0   5.017751533807   34.310181969071536   29.273757079621646   103.53168987555   0.0   5.714848337557   4.44715273454955   241.42071859697873   65.3875111007
365   0.59993442623   3.705114961821119e-5   0.0   2   1   1   0.0   7.028420408942333   3.891026022160353   3.7984104324335006   21.684183288895003   1.6389870310458998   1.0969777820708333   11.28995650541793   47.54946414341938   63.36489594951555
366   21.2862   2.0246529846017042e-6   0.0   5   1   1   0.0   7.028420408942333   3.891026022160353   3.7984104324335006   21.684183288895003   1.6389870310458998   1.0969777820708333   11.28995650541793   47.54946414341938   63.36489594951555
367   0.496132307692   0.00013160244399911078   0.0   3   1   1   0.0   7.028420408942333   3.891026022160353   3.7984104324335006   21.684183288895003   1.6389870310458998   1.0969777820708333   11.28995650541793   47.54946414341938   63.36489594951555
368   0.50406875   3.239444775362727e-5   0.0   1   1   1   0.0   7.028420408942333   3.891026022160353   3.7984104324335006   21.684183288895003   1.6389870310458998   1.0969777820708333   11.28995650541793   47.54946414341938   63.36489594951555
